120
0.0000 17.6053 26.8918 26.2434 22.4231 24.5717 24.8894 26.8085 24.6221 24.6998 23.7222 23.5944 11.9971 25.3638 24.0528 25.9817 28.6048 20.2116 26.0488 24.2721 24.0865 22.9981 27.8430 25.7834 21.9780 25.2080 34.4916 23.3587 26.0982 27.5885 29.7488 24.1626 26.6057 25.0286 19.3341 19.9882 24.7894 24.6535 27.2474 32.0411 17.5230 22.3435 20.1509 21.9418 25.3789 26.3912 21.5547 22.2374 24.1695 24.1650 23.2272 20.4984 15.9719 17.2342 25.9383 20.8565 26.1998 22.5129 26.1286 22.3170 22.0916 17.1115 27.1949 27.2426 28.8676 22.8695 21.2836 32.7810 28.9525 23.3454 28.4406 21.9134 24.5641 27.0120 28.9661 24.8296 24.7941 25.2462 27.5137 26.0160 28.0718 21.0521 26.5482 21.6462 32.5287 22.8871 22.9713 26.0248 14.3804 24.5422 22.5649 24.1993 26.2883 25.6085 27.6867 17.1609 28.7893 24.4945 21.0814 27.8523 27.8614 25.2469 25.2578 29.2974 23.0726 30.0776 22.2980 27.3921 23.4714 21.2754 24.7136 21.1836 28.0034 28.8397 22.6876 21.2226 23.0433 23.0862 19.1475 18.4365
17.6053 0.0000 26.6311 24.8333 26.4521 19.6705 24.5628 19.0985 20.0109 26.9137 28.3769 18.0842 27.7173 21.9885 26.6919 22.0764 23.2366 23.7075 23.3779 29.6474 18.7928 22.0095 30.6029 21.7519 29.6414 19.4363 22.9375 19.6359 20.8155 24.2710 21.9268 19.9385 22.1074 24.6953 29.9785 26.4603 15.2090 32.5420 26.5887 21.5652 18.0756 23.1768 21.7168 24.7762 18.2234 25.4615 28.0854 15.7938 23.1904 29.0050 21.4736 26.4255 25.3047 24.2128 21.9268 25.8134 24.2357 28.9257 27.4524 23.8799 26.8214 27.1869 25.9536 29.6231 24.2984 24.1487 22.3442 24.8085 21.8867 24.2803 23.9405 20.0353 23.3338 23.3623 26.8195 25.4371 24.1448 28.1878 25.3942 22.6080 25.6859 23.1646 25.7941 17.6378 26.8024 25.0285 20.1727 24.6700 21.7828 24.4496 19.6060 24.2210 22.2419 19.6533 22.3336 19.5400 29.0698 32.2928 17.3337 30.3279 17.8710 28.3601 24.9194 28.3121 19.3241 26.8337 20.8050 24.5414 24.9828 25.5921 24.2876 20.2931 20.1989 30.7993 18.9848 26.5394 26.0935 31.8952 25.2089 20.2840
26.8918 26.6311 0.0000 24.8629 26.6050 29.1915 27.3886 23.6583 22.0057 21.5215 22.9602 13.4192 28.7810 24.4779 22.1384 25.0202 27.0229 23.4521 24.7705 27.5630 20.0379 24.8753 22.6284 22.6987 24.4834 29.1698 27.4818 22.1218 27.3611 27.1755 17.9755 23.2715 26.1842 26.0920 26.9557 26.2273 18.5218 20.4593 18.3511 21.5206 18.4631 23.3743 26.9011 25.5055 23.4809 25.2713 25.1204 22.9970 18.7133 22.4541 25.0546 23.0277 25.1654 17.6009 21.0965 17.7369 20.6012 20.6761 22.8395 32.3880 24.0257 28.0741 24.8718 23.6650 23.7410 22.6179 21.1502 27.2142 30.0323 30.5622 22.4720 24.5418 28.7808 23.7629 25.2272 23.1454 25.2776 25.5995 23.1839 25.6531 25.2495 20.4974 25.0848 23.6416 15.7651 23.2097 23.2114 31.8880 27.4746 21.7369 22.5341 20.6470 23.2381 21.3440 27.5002 25.1901 23.0471 21.5711 24.1757 16.5358 16.2358 24.5461 20.2611 23.7498 28.4394 26.8182 20.9218 29.0696 27.8826 20.0986 21.1142 20.3596 24.4594 20.0175 17.8417 19.2544 19.7574 24.5569 14.8162 26.3539
26.2434 24.8333 24.8629 0.0000 28.0040 21.5258 27.2278 33.3032 26.2717 22.9644 22.7094 21.3569 22.2141 28.4130 21.3253 19.8592 17.5673 21.7365 20.2284 25.1531 27.7605 29.7033 21.9084 20.6223 25.8859 24.7485 25.3398 34.3473 26.5366 23.9231 27.3551 23.4821 27.0722 24.1834 27.6875 26.7287 22.0321 21.1113 21.2499 25.7391 25.1398 32.4565 18.9587 22.7318 24.9993 28.1497 24.7407 20.6589 24.4724 18.1523 25.8888 20.4468 15.7466 29.0392 26.9347 26.7521 24.8776 25.7957 20.2975 23.8156 28.6900 24.1997 19.4717 28.0887 27.0113 24.5575 27.1310 29.7179 21.4486 32.7514 21.3471 23.8819 22.6492 19.8896 19.2446 22.7452 26.6610 26.9986 25.4865 22.2091 23.2645 25.1647 21.7204 23.2056 26.7416 27.0412 20.1754 26.3817 18.1621 24.7841 25.6940 24.2898 30.2085 25.9891 26.4584 26.7531 22.7497 21.3555 25.8866 25.6137 17.8153 16.6916 26.1052 19.0539 24.8595 27.3359 25.5852 28.9654 27.4758 23.1591 27.0797 26.1712 23.1620 20.5280 32.2034 25.0153 24.1652 19.7935 24.0268 20.2803
22.4231 26.4521 26.6050 28.0040 0.0000 26.5600 16.9541 15.4108 21.2855 23.6300 21.3494 18.9293 30.9993 24.4684 27.9916 25.6737 16.2388 27.2921 23.3197 27.6124 22.8749 19.4345 28.5012 22.2080 20.1075 26.7883 22.0941 25.0230 16.3714 23.1167 17.6302 20.7326 17.9848 26.5211 20.5859 17.5085 27.5584 21.1255 24.1504 25.3188 21.3674 27.9853 22.6670 19.5363 19.2208 19.7748 22.4032 21.7998 25.9050 21.4726 21.5157 23.1823 26.6004 28.7328 18.3408 21.4201 24.6484 15.9932 17.9779 20.8716 23.1185 22.5829 29.4833 17.0448 22.5143 18.3412 20.2752 24.8613 23.9631 19.2914 18.0168 26.0494 28.6072 22.1030 17.9161 22.7901 24.0848 32.1473 27.4748 16.7546 21.8824 23.3724 26.0821 25.0897 27.5792 24.0274 26.2146 25.0167 25.5647 28.2125 22.4099 22.6174 22.0895 16.4994 24.2133 23.3022 20.8967 24.7357 28.1623 22.3607 23.8572 23.2894 34.9807 21.7475 19.3661 18.0393 14.9629 31.4501 24.3875 25.4911 22.6745 30.2662 25.7632 19.0336 21.5855 23.8915 28.0308 28.7163 24.3570 26.2188
24.5717 19.6705 29.1915 21.5258 26.5600 0.0000 20.3503 21.7873 21.1080 27.3335 26.1835 33.3956 22.8515 25.4595 25.3773 19.4573 25.2357 23.4461 23.4337 26.0621 24.8387 26.0664 23.3468 20.2146 23.9096 21.1150 25.3504 18.6170 27.3767 21.0050 29.9628 25.1931 31.4249 22.4198 24.8922 19.0768 24.0821 30.2223 19.4018 24.2441 29.1489 24.0588 25.9054 20.4478 30.0524 25.1510 21.7123 25.4871 28.1203 23.5474 26.1183 22.3575 25.7288 24.7527 24.6699 22.6625 22.8954 20.0698 24.1854 20.8423 15.9992 26.4383 25.5612 20.7863 21.8090 23.9417 27.7000 17.3126 23.6544 26.3446 21.8497 26.1249 23.6307 23.4035 25.2008 18.3204 23.9402 19.9106 22.4977 20.4390 28.0436 24.0214 23.6584 29.7815 26.5847 24.3893 28.7538 18.6909 23.6098 20.3765 30.4218 22.6758 20.5358 28.3780 30.8676 20.0039 23.9636 23.5383 27.2690 24.8534 17.5281 23.1959 27.1467 21.2041 18.9886 22.6199 28.1692 28.2029 30.1852 21.0801 15.6452 23.2394 30.8644 32.8352 27.1050 16.4274 27.3314 20.0161 22.1393 25.8531
24.8894 24.5628 27.3886 27.2278 16.9541 20.3503 0.0000 27.6022 20.0379 18.7287 20.7464 18.6906 26.8971 29.0448 29.4326 24.3092 25.8872 26.4790 19.9040 23.4733 22.1226 23.1169 27.4194 24.8043 25.6267 23.2215 16.9298 28.4794 20.0715 31.0566 21.6794 27.9281 31.6477 19.2111 23.7192 23.8349 28.2624 18.3199 26.1542 20.9303 23.5786 30.5986 17.4178 24.4904 27.9002 24.5646 26.1021 20.7234 20.3620 26.8326 21.4610 33.9314 27.4878 31.4807 16.4322 23.4845 24.1640 20.8088 26.4525 20.6790 20.2992 23.4304 28.0425 25.2062 27.7125 22.0459 23.6761 27.5488 22.4758 30.7674 24.7720 27.5357 21.1788 18.2152 28.9709 21.8994 23.8066 24.2759 17.2616 28.7049 26.5790 26.3081 16.4618 17.1520 25.7885 27.2642 24.7053 24.8347 19.2366 21.6547 24.6746 27.0397 21.3423 15.4977 21.3891 22.1586 20.9751 24.8229 18.0550 21.4010 25.7840 22.9347 20.0742 19.7542 23.0480 27.1851 15.4940 32.0869 30.5205 22.9733 22.2890 23.9461 26.7227 23.2801 24.5037 24.8932 28.9258 21.4985 21.5659 26.3593
26.8085 19.0985 23.6583 33.3032 15.4108 21.7873 27.6022 0.0000 29.1947 26.4569 23.3988 25.3498 22.1060 23.8497 21.7452 23.4401 17.7077 27.4480 25.3408 29.3527 27.2404 27.6211 25.5614 26.8941 20.0937 19.2356 22.4808 25.2671 28.3608 22.4186 17.0613 25.9650 23.7120 31.2839 26.4429 25.5515 22.9561 20.1871 22.8448 25.2870 27.9233 23.7574 26.2547 26.2839 25.4557 18.7015 19.0822 23.9844 16.9124 19.2298 22.4069 26.7206 23.6768 25.2611 19.3802 20.9121 25.3796 31.5149 23.5694 19.4405 22.9332 23.6274 26.3735 24.1782 24.9174 21.1132 30.3858 23.3558 19.2891 20.5490 25.7099 20.8550 21.0094 23.7501 26.2903 24.7042 30.9861 21.7222 25.7228 29.1759 21.4965 29.3592 21.7207 28.4904 18.0057 21.0388 15.7844 26.1737 22.4737 27.7724 28.9307 20.6119 17.1138 26.6604 16.5747 24.4843 17.9310 26.5244 27.8149 21.4745 26.8898 23.8843 24.3041 26.0247 22.1064 18.5057 27.0902 24.4380 27.0684 22.4217 21.7717 27.3901 21.3974 25.4736 24.9300 23.0519 28.0362 24.4844 24.1618 29.0704
24.6221 20.0109 22.0057 26.2717 21.2855 21.1080 20.0379 29.1947 0.0000 20.9755 20.6172 22.9671 23.5014 25.3203 19.8048 24.6272 25.7342 23.8253 21.2560 27.2522 24.9637 25.0162 33.9251 29.1278 22.8312 24.8836 24.2060 24.7827 22.5229 27.6047 24.8634 24.9669 30.4746 15.6542 26.4398 28.6812 23.8574 18.2503 28.6791 19.8250 21.6609 19.4028 27.5331 25.0042 24.2844 22.3474 29.1744 26.3936 21.7793 22.7717 22.8425 27.0650 26.5847 17.6783 27.2052 24.5302 27.4262 24.0722 27.1824 19.4749 25.8321 20.7639 22.6962 18.9650 25.8483 25.0508 24.4624 25.6774 28.9696 24.7913 27.1052 16.1328 23.2467 27.4203 29.5818 24.8216 21.9081 20.8323 27.8397 27.1268 29.7056 22.9664 21.8818 27.9797 23.6336 29.4144 30.3202 24.4491 31.1390 25.5413 24.7035 22.4752 22.5899 24.8216 26.5238 23.7061 27.1696 24.4195 20.1160 28.2529 25.3570 21.7450 27.1807 21.7639 21.7571 36.5923 20.6931 23.6169 23.3479 24.4280 24.2827 29.0199 26.8561 24.1622 15.8403 25.4600 23.8199 24.4573 23.3941 26.3011
24.6998 26.9137 21.5215 22.9644 23.6300 27.3335 18.7287 26.4569 20.9755 0.0000 26.5855 19.3407 22.4994 20.6677 23.3998 20.3442 22.5288 22.1943 23.7504 25.3231 24.4030 23.3726 24.0777 23.3700 18.0859 28.7789 24.1497 23.3351 22.8751 21.8670 24.9615 27.2275 24.9660 25.5003 27.0134 16.1960 20.7062 19.6034 19.5444 23.5477 24.6696 24.1565 25.1423 19.3324 20.2029 22.4632 18.4622 24.8896 17.1595 23.3828 17.4751 21.5095 23.9805 28.7329 20.7053 21.0730 23.9133 23.7799 24.9654 21.6375 27.8872 20.3419 25.8487 21.9778 23.4316 19.7282 18.0491 24.8055 26.4948 20.4617 26.7463 24.1099 20.7858 19.9739 19.8065 31.7545 28.6179 24.4500 31.5671 23.3711 29.6368 30.0865 24.8738 21.6454 25.3157 25.8401 20.2149 21.0780 25.2587 26.9479 22.5452 23.6470 28.9720 23.5251 21.0790 26.1328 26.2407 25.5143 27.1594 21.1599 25.4613 28.4346 26.1063 18.4874 20.7189 23.2914 24.6325 20.9006 19.4502 17.6074 23.8471 18.4167 27.5165 22.9115 21.9749 21.0228 28.3658 28.9837 33.8758 24.3582
23.7222 28.3769 22.9602 22.7094 21.3494 26.1835 20.7464 23.3988 20.6172 26.5855 0.0000 26.1972 25.7749 27.0318 22.3625 27.7481 20.9767 25.8820 20.2402 28.7517 20.4725 21.6820 18.0616 25.4100 17.6305 30.6147 33.7455 16.7560 23.2212 21.4564 17.4657 27.3878 16.0620 23.0818 15.8701 19.1090 15.2655 20.5218 21.8158 20.8375 21.9873 28.3938 32.3479 23.6194 26.3400 21.3452 33.0834 26.0304 27.6410 30.3019 24.3246 21.6496 19.9554 22.5268 20.9848 24.3899 22.4677 32.4627 25.4953 19.8420 20.3017 23.7741 16.8549 29.0570 20.3665 23.4022 29.3964 22.5901 28.0571 26.3692 23.8735 21.4958 22.3942 14.0390 26.5602 25.5823 19.6183 29.4411 24.2515 25.1591 18.0745 25.9264 23.1804 24.1557 27.2795 20.2995 23.6649 23.8613 21.2131 17.1046 32.5502 20.3069 25.0936 25.4261 23.4888 24.9057 30.3168 27.9907 28.2311 20.6625 25.7972 24.6994 18.2227 21.5484 24.1075 24.7031 20.5858 23.9099 27.4148 17.5143 18.9175 20.5208 25.3628 18.4023 25.8282 25.8344 29.0197 27.6386 19.4809 28.8117
23.5944 18.0842 13.4192 21.3569 18.9293 33.3956 18.6906 25.3498 22.9671 19.3407 26.1972 0.0000 19.5400 34.2508 27.9429 21.6096 23.5634 24.8841 21.9751 20.9556 26.1448 20.5833 20.2635 25.6949 33.4061 24.5161 26.1656 23.8756 18.7789 21.4669 26.6325 24.9569 20.4360 21.2514 24.9934 20.8474 30.5441 18.0800 22.9930 24.3703 22.5607 19.7263 23.2603 25.0634 24.5721 27.3127 21.1594 24.0471 22.2646 26.0354 27.6502 18.1282 17.3119 25.7242 27.0304 23.7894 21.4924 28.5246 22.4410 20.7290 23.2862 25.4701 26.6720 24.1532 20.5380 24.4455 25.4643 22.9577 23.9502 21.9647 17.0964 30.4758 27.3413 25.5855 27.4910 21.0603 32.1118 26.0478 26.0276 24.8883 24.9809 22.1920 25.6964 21.4528 19.6344 17.7002 17.9265 28.7301 25.3646 29.9830 28.0119 25.1599 23.2455 25.8949 27.8031 19.4611 28.5621 20.8547 20.7249 22.4136 20.2868 18.8051 21.7899 19.8161 32.3091 26.8407 25.0672 27.5788 25.2412 27.7938 17.3517 30.4248 26.3989 23.2957 28.5119 17.8116 26.5173 22.6148 18.8588 21.2535
11.9971 27.7173 28.7810 22.2141 30.9993 22.8515 26.8971 22.1060 23.5014 22.4994 25.7749 19.5400 0.0000 26.4197 21.8311 15.2739 26.3079 22.2398 24.8337 25.3115 24.5041 31.1856 22.7961 29.1858 26.6194 18.6274 30.2353 18.8109 21.5599 30.6856 23.9232 19.4403 26.3889 22.8204 21.5803 20.9706 31.9877 21.1706 23.8354 23.3165 23.3328 27.0998 27.9807 17.6359 27.4907 27.4771 25.4029 24.9935 29.1092 19.4190 20.8970 19.3706 22.9944 21.3521 27.4199 21.8935 28.2842 26.6595 19.5842 26.2448 27.8748 27.3185 28.2965 17.0977 25.7423 14.9862 24.8594 22.7261 33.2673 30.6851 22.6988 27.6065 21.9099 29.7623 20.1365 29.2525 24.4688 25.8928 22.5933 22.9910 22.4140 26.3775 18.0185 21.1634 23.6474 25.7427 18.9594 26.3809 24.6042 19.6961 14.9634 14.2654 23.9989 21.6612 27.7864 16.7497 19.0069 24.8037 22.2236 24.9689 21.5655 26.7778 29.3292 27.4965 30.0927 28.3432 29.2072 19.5852 20.5315 18.8540 19.6200 27.4935 26.5694 25.9830 24.2298 27.1445 22.2727 26.7927 21.0212 24.1284
25.3638 21.9885 24.4779 28.4130 24.4684 25.4595 29.0448 23.8497 25.3203 20.6677 27.0318 34.2508 26.4197 0.0000 26.6885 24.3409 26.9770 20.9413 22.3972 23.6940 19.5247 24.4277 25.3213 25.2367 27.0302 16.9678 24.9185 27.7822 20.6864 17.4379 17.8093 22.6161 20.5892 24.4600 24.4253 19.5604 24.4399 18.3948 27.8793 20.2230 23.5206 19.3972 18.8479 22.4482 19.9475 22.6842 23.1171 25.1137 26.8686 25.7856 30.7539 26.5204 20.6425 23.6131 30.6572 22.2185 31.0653 18.3917 24.0712 21.1145 22.8587 26.3434 25.5721 24.9618 25.3212 27.4167 35.2095 20.0151 27.3877 26.8041 24.7804 20.8314 25.6624 30.2460 25.1745 22.6276 16.8913 30.6339 26.0457 25.0704 26.5803 22.1321 22.9221 23.4305 28.7518 24.9148 17.4227 23.0453 15.0320 25.8494 25.3252 27.8325 24.0173 24.7806 21.3177 24.8117 21.0038 19.6174 23.0272 25.3361 22.1582 18.3448 22.3542 23.3277 17.0351 22.6660 26.7087 27.5898 20.2626 26.6549 27.2568 21.7119 24.1813 19.9220 21.0427 30.3487 23.2032 30.2567 19.0011 20.7345
24.0528 26.6919 22.1384 21.3253 27.9916 25.3773 29.4326 21.7452 19.8048 23.3998 22.3625 27.9429 21.8311 26.6885 0.0000 26.8269 32.3356 24.3693 22.8422 26.3390 23.4365 13.4791 20.8643 21.1685 20.4052 24.5620 23.4298 24.2851 25.6261 28.3770 17.3721 24.9207 13.7581 19.9009 25.6366 23.0134 15.6880 21.2369 22.0850 25.1590 22.8864 29.6369 28.2109 25.9170 27.0985 20.4400 21.5819 21.2625 24.1041 23.9815 17.0388 27.2475 25.2791 28.7658 29.8802 20.3457 20.2991 19.8848 26.1069 26.5646 31.1844 24.8047 33.3622 20.6784 22.9520 22.7546 25.9913 20.4035 16.2107 33.8371 18.5254 15.9708 29.4261 18.2822 26.0641 26.3488 19.6170 20.0303 26.0655 22.0278 25.9025 26.8315 27.5404 26.2798 26.3329 27.4949 18.3970 22.8471 24.9910 22.7661 21.9898 26.7126 25.8099 23.8904 27.2750 21.6656 26.4867 26.1713 25.9118 19.2101 24.8066 22.4224 24.9892 24.3908 22.4870 23.9476 25.6566 19.8453 24.6089 20.9590 25.9305 29.9045 24.4716 22.6614 22.7579 25.9274 27.9261 25.2157 17.9480 24.8608
25.9817 22.0764 25.0202 19.8592 25.6737 19.4573 24.3092 23.4401 24.6272 20.3442 27.7481 21.6096 15.2739 24.3409 26.8269 0.0000 26.5879 25.1402 18.3072 27.1541 24.2178 25.9491 24.4761 17.4516 24.8207 23.1091 24.0697 19.7988 22.8891 23.7592 18.9607 21.2293 26.0439 26.1868 19.6618 19.4992 16.1266 21.0838 22.6001 18.9217 20.7903 22.1190 22.3652 20.2970 21.8382 23.3561 25.1642 27.3557 23.9502 27.5630 30.0127 22.4694 22.5748 23.4597 23.6146 30.3746 24.7362 16.9761 25.1194 32.2688 23.3806 26.0179 21.8733 26.8672 24.8678 16.4569 17.5175 28.6023 19.1579 27.4542 25.8633 17.1261 20.1708 19.3251 24.8248 29.9313 23.6923 27.5834 21.4336 19.8670 27.2219 29.7104 22.7793 29.5025 15.5873 21.7459 19.1722 20.7194 25.7132 28.2074 20.3613 24.9593 22.5197 29.3361 27.2886 24.6976 31.8619 24.7100 26.9284 20.8436 16.2085 26.2519 23.7089 26.6608 24.2629 29.1456 21.2663 26.0371 23.5341 26.1051 23.3879 22.1260 28.6015 31.6547 27.8244 18.2094 27.0211 26.0351 19.0719 24.3203
28.6048 23.2366 27.0229 17.5673 16.2388 25.2357 25.8872 17.7077 25.7342 22.5288 20.9767 23.5634 26.3079 26.9770 32.3356 26.5879 0.0000 26.8104 19.1208 19.0109 29.4112 23.8330 22.1252 26.6506 24.0522 21.8876 27.6292 22.0161 20.5529 16.8423 23.7765 24.5952 19.7801 21.9982 20.5092 21.1246 17.4518 21.1828 21.4138 21.6574 21.6673 15.8711 26.0342 26.2240 23.2054 23.8075 30.8976 21.5622 28.7871 27.0095 22.5288 20.7387 20.6110 27.8540 25.1804 20.0262 21.9483 29.1509 27.6659 21.0577 24.9013 33.4639 31.8963 29.1694 24.5178 20.7416 22.6198 24.4151 29.0873 21.7772 32.2905 21.1940 26.7309 25.4639 26.6223 21.0509 23.3785 21.1891 22.4577 18.7320 23.5056 28.8594 26.0247 27.3499 19.6720 20.9620 19.4549 29.7989 18.1277 23.5844 18.8148 21.7751 20.3873 24.5068 20.2910 29.8912 26.8354 28.5287 16.9867 28.4020 20.0282 26.1244 22.7726 28.3670 28.9958 27.4023 24.4738 23.5706 27.8631 24.7744 25.0025 28.1250 25.5442 23.7244 31.0958 26.5413 19.4546 17.3675 16.8057 25.6973
20.2116 23.7075 23.4521 21.7365 27.2921 23.4461 26.4790 27.4480 23.8253 22.1943 25.8820 24.8841 22.2398 20.9413 24.3693 25.1402 26.8104 0.0000 26.4350 24.5438 18.2225 29.0316 23.4524 19.6277 27.9711 17.1539 23.2424 24.4515 19.5031 22.9294 23.2608 26.3826 26.8102 22.8994 25.2462 27.5259 17.8530 24.0384 24.8799 29.3256 22.9846 29.8251 26.5048 23.1101 21.8115 28.5508 23.6205 25.7168 30.4923 20.1509 18.0081 20.9684 26.4808 25.0805 20.2484 25.5979 18.7290 21.4950 30.2378 22.1210 20.5770 22.0352 22.5061 24.5401 21.0280 26.7326 30.6722 31.5301 25.7605 21.9996 19.5024 26.3625 25.3821 17.9538 25.3761 27.8667 25.4295 24.4750 28.9086 29.5373 28.4180 36.6053 20.6789 19.6133 17.0899 23.1402 15.4802 24.9443 25.0878 21.2459 21.1535 24.0995 19.4526 29.2851 29.9404 24.3559 22.6895 29.7651 19.5693 26.1965 21.8119 17.6152 27.0286 25.4315 29.0765 27.7561 27.1719 17.1812 22.1416 27.4867 14.7140 28.4415 20.5474 27.0837 19.2118 28.7355 24.7887 26.2604 28.5012 31.7239
26.0488 23.3779 24.7705 20.2284 23.3197 23.4337 19.9040 25.3408 21.2560 23.7504 20.2402 21.9751 24.8337 22.3972 22.8422 18.3072 19.1208 26.4350 0.0000 19.3348 22.3196 22.6418 23.8728 15.4982 24.8405 29.9487 16.9908 20.6278 22.7079 24.2956 18.8086 23.3908 19.0546 25.4495 24.7054 20.4044 28.9677 26.2570 26.5415 25.7165 19.3390 20.6496 18.5467 23.9987 21.9814 24.1001 21.5945 21.6168 26.8055 18.7018 25.7222 23.4169 26.1845 32.0371 21.4751 21.3117 24.4889 29.5998 22.8575 17.9921 26.9201 21.7665 19.8434 23.8267 25.2531 22.4557 23.8316 20.7968 18.6151 24.0513 25.6150 16.4369 16.6458 21.6770 17.9130 30.3207 19.9622 19.6638 19.6669 21.2603 23.4054 27.0246 17.9297 27.6442 27.2676 19.6928 24.3278 31.1523 23.4060 23.9117 25.3013 26.7323 23.0498 33.2178 16.5577 20.5482 23.7502 23.5169 31.2176 24.5510 23.2242 28.7842 19.1706 18.1651 18.6152 19.4160 24.0197 25.1588 19.4947 20.3035 27.6632 26.3177 18.3371 28.4112 24.3979 27.3326 28.3246 26.9870 23.3136 24.9199
24.2721 29.6474 27.5630 25.1531 27.6124 26.0621 23.4733 29.3527 27.2522 25.3231 28.7517 20.9556 25.3115 23.6940 26.3390 27.1541 19.0109 24.5438 19.3348 0.0000 23.4934 23.5535 24.0088 23.5453 19.0330 27.9978 22.8351 30.6026 25.4780 26.9022 34.5046 25.4808 24.5364 20.0741 25.1123 24.3680 24.0751 20.2378 18.3701 33.1941 26.3574 20.9125 25.8247 23.4740 19.3184 24.8173 26.9392 24.6269 20.5211 24.6970 27.2544 25.0943 18.8160 24.0208 15.9614 26.1244 22.7719 21.3937 22.9654 30.9726 28.8072 24.4934 25.6870 18.0231 25.4715 27.7151 21.4115 21.4567 19.5751 21.0641 26.5089 29.6793 27.1735 20.1621 22.7649 24.7176 22.0863 30.3078 23.0459 30.3337 19.5308 19.8938 24.2533 26.0726 22.2905 26.6123 23.4004 25.6478 22.2178 29.5537 30.0095 27.4431 19.9617 25.8069 21.8238 19.7091 19.1142 17.7047 23.1370 27.4379 23.4143 25.1108 33.0546 28.9526 25.1750 24.3078 23.8317 29.2792 28.2736 20.2818 26.1639 26.6569 22.0519 21.6248 24.6923 28.1668 23.0582 16.4711 26.6022 28.2526
24.0865 18.7928 20.0379 27.7605 22.8749 24.8387 22.1226 27.2404 24.9637 24.4030 20.4725 26.1448 24.5041 19.5247 23.4365 24.2178 29.4112 18.2225 22.3196 23.4934 0.0000 26.1295 25.5615 23.5466 22.0081 19.5879 21.7025 23.2299 23.9309 24.4713 28.3453 20.9470 24.4990 23.1623 29.2293 17.8939 20.7370 17.5603 20.1840 19.9938 17.4566 27.4880 25.6724 22.0680 25.9820 34.6032 24.4102 22.5142 22.2939 27.2130 31.7382 14.4034 19.4872 26.2918 27.9640 29.8621 29.4909 24.1903 25.7746 24.5360 25.3224 23.3656 23.7404 24.7751 27.2458 26.8833 26.5213 25.1327 22.1463 24.0933 25.0373 17.5470 19.8087 24.8420 23.0553 24.1040 26.3200 26.6259 21.8695 20.2035 21.9430 29.1881 21.3422 24.6388 26.6873 21.7439 21.4197 23.5188 25.0429 23.9310 24.3360 21.1838 28.1229 24.2099 20.4932 25.0322 21.3742 24.0456 31.6184 26.9081 26.7309 24.2914 26.2461 22.6751 23.1666 27.4598 22.7145 21.2239 25.4646 25.7253 21.8963 30.7787 26.4690 24.1746 18.7573 24.8556 21.7867 25.4000 22.0747 20.6230
22.9981 22.0095 24.8753 29.7033 19.4345 26.0664 23.1169 27.6211 25.0162 23.3726 21.6820 20.5833 31.1856 24.4277 13.4791 25.9491 23.8330 29.0316 22.6418 23.5535 26.1295 0.0000 21.6711 23.8589 23.8369 21.6368 24.5904 26.0609 27.1164 22.1948 22.0087 22.7517 24.0287 19.9473 20.5900 26.2069 29.6755 31.4539 26.3614 30.5241 22.9351 27.0597 13.2901 24.7436 22.8335 26.9180 25.8229 22.4313 25.2430 23.9974 16.2321 19.6851 22.6476 19.2999 19.1854 19.3228 21.8634 17.8966 26.7414 25.8145 20.1783 16.5045 23.4340 21.4065 24.3438 18.1479 31.9924 26.1146 20.5682 20.7076 29.8581 26.3689 23.3533 27.2680 23.5390 19.4384 22.2707 27.2850 24.8323 22.4489 20.2304 16.5943 24.4062 19.8344 21.9267 27.1273 26.8231 16.7586 25.4995 26.5192 19.0878 18.1265 21.9163 20.2288 25.0675 28.6696 23.3667 16.9822 21.2059 32.9126 18.1873 25.1849 25.5878 32.8080 28.6681 29.2848 17.4388 32.0785 19.8763 19.5211 26.7046 22.2992 22.2109 23.5502 18.9412 23.7228 15.6303 23.9630 22.4942 17.2254
27.8430 30.6029 22.6284 21.9084 28.5012 23.3468 27.4194 25.5614 33.9251 24.0777 18.0616 20.2635 22.7961 25.3213 20.8643 24.4761 22.1252 23.4524 23.8728 24.0088 25.5615 21.6711 0.0000 25.7981 17.1514 21.7004 21.3023 27.0155 22.3988 29.1651 24.2875 30.4131 21.9562 25.6078 27.9614 19.7846 30.1563 25.7430 20.2869 26.4343 26.3439 26.2236 22.0989 18.4653 27.4291 24.7496 21.8892 23.1224 27.1913 20.9498 30.7032 19.6516 18.8115 23.9924 22.6942 19.5692 29.9077 20.2549 24.6515 27.7681 17.8765 23.6463 26.1182 25.0067 25.3760 21.6168 22.5677 27.2913 20.2740 27.5541 22.7377 22.2705 21.8470 23.1034 17.5439 25.8174 25.5602 19.6962 23.8015 17.7644 21.7998 23.6676 27.4740 23.1181 20.4754 26.3534 24.8842 20.9385 19.5939 29.8598 18.4078 24.6197 24.6397 22.4531 26.2470 20.5258 19.8424 22.1425 25.2183 18.5381 25.1869 25.2275 29.6770 23.5158 23.2425 27.2691 20.8030 32.5428 24.8936 19.9748 28.7813 23.2936 27.4449 23.2742 23.5008 29.3160 27.9524 23.6730 26.7464 28.4461
25.7834 21.7519 22.6987 20.6223 22.2080 20.2146 24.8043 26.8941 29.1278 23.3700 25.4100 25.6949 29.1858 25.2367 21.1685 17.4516 26.6506 19.6277 15.4982 23.5453 23.5466 23.8589 25.7981 0.0000 18.9092 15.3150 25.8637 30.6658 24.9261 20.8309 29.8733 24.4775 26.4412 26.8962 26.8073 30.4404 32.2999 26.3667 28.8311 26.2357 28.7536 27.6607 27.9677 24.5935 23.7939 30.0081 30.9006 28.0825 27.5973 22.2199 24.8168 28.6414 28.6813 30.8227 29.0909 25.6060 34.4166 22.5949 17.5948 30.7827 24.1884 24.6456 22.0685 20.1063 25.3663 23.8121 22.2906 21.0513 22.8676 22.8147 29.4160 27.9626 27.0717 29.4740 27.2512 20.2811 22.9638 26.4837 25.9129 16.5557 26.3475 26.1339 21.0288 25.9744 25.8343 29.5338 21.9908 24.9891 19.9777 17.3372 33.0222 27.4173 22.5610 22.9181 20.9699 16.5179 23.0546 29.7482 23.0954 19.2978 24.7199 16.3649 23.0234 23.3814 31.1218 18.8912 24.6611 24.9751 25.1548 24.4152 21.4389 27.6612 22.3761 23.8680 28.9026 24.4782 18.6479 22.2851 21.4843 18.2285
21.9780 29.6414 24.4834 25.8859 20.1075 23.9096 25.6267 20.0937 22.8312 18.0859 17.6305 33.4061 26.6194 27.0302 20.4052 24.8207 24.0522 27.9711 24.8405 19.0330 22.0081 23.8369 17.1514 18.9092 0.0000 23.0827 23.3781 22.1789 22.8214 22.2350 22.1968 22.8422 28.1540 28.4897 27.1296 27.1118 19.8977 26.4602 31.9558 16.7904 23.6417 21.6045 18.1361 23.8210 18.4715 23.2841 13.4701 25.2929 24.9769 28.8169 27.3901 20.7330 26.9598 23.7855 23.7774 22.2961 25.4795 26.8112 22.1425 23.2382 17.6161 28.0921 16.1191 25.0003 25.6813 20.7312 23.9314 18.9270 33.3416 19.2791 27.5890 23.8857 20.7851 26.4473 25.8506 29.6805 18.2623 20.9456 22.8487 19.3053 30.0114 24.9370 21.9892 24.1398 26.3540 25.2977 20.2708 24.3864 26.4902 28.1422 23.3395 24.3295 19.4625 21.5004 24.1535 21.3119 22.3946 29.2326 25.9554 23.5417 26.4946 30.6236 19.1530 18.2445 23.8246 28.5634 22.8101 28.7925 21.1196 23.9973 18.7752 26.9784 26.1644 24.2292 34.5135 29.5007 19.8884 20.8284 26.7138 14.7029
25.2080 19.4363 29.1698 24.7485 26.7883 21.1150 23.2215 19.2356 24.8836 28.7789 30.6147 24.5161 18.6274 16.9678 24.5620 23.1091 21.8876 17.1539 29.9487 27.9978 19.5879 21.6368 21.7004 15.3150 23.0827 0.0000 24.4086 20.6920 19.0973 28.4876 24.7810 25.6060 19.8969 25.2687 23.9857 25.1057 23.4881 18.6225 21.3192 22.8083 21.5521 19.9844 25.4381 26.4177 24.9776 30.0995 26.0887 19.4808 31.5983 28.2172 17.7762 15.9435 31.8532 27.5075 31.9438 22.0769 22.1631 21.2945 29.8371 18.4789 22.1773 16.9664 13.7136 24.6040 33.9336 30.3394 20.2886 25.8661 23.5227 27.8481 26.2288 24.2707 17.7119 21.8977 23.8790 20.0247 31.7692 20.1211 26.2888 21.6397 25.2724 18.6869 21.8849 24.3823 24.9537 18.7450 21.8078 18.7536 24.2519 24.1884 23.5120 24.4249 24.2715 21.7946 25.0304 24.8579 22.3815 21.4308 26.1756 25.2567 28.5355 25.7389 25.6615 26.4547 25.6418 26.8851 22.4349 17.4497 30.7304 21.5781 19.9838 28.6527 21.6070 23.9395 17.6364 23.6448 25.2687 25.7020 22.6359 26.6500
34.4916 22.9375 27.4818 25.3398 22.0941 25.3504 16.9298 22.4808 24.2060 24.1497 33.7455 26.1656 30.2353 24.9185 23.4298 24.0697 27.6292 23.2424 16.9908 22.8351 21.7025 24.5904 21.3023 25.8637 23.3781 24.4086 0.0000 22.8350 23.2631 20.2250 16.6000 25.9479 20.3418 21.5192 22.6779 25.3884 27.9591 27.5833 26.5614 21.6261 21.7885 22.0939 23.9187 16.7162 25.0404 15.2146 25.6885 21.3039 18.6061 27.2424 18.6548 26.8451 27.4492 24.1740 29.4258 26.2346 22.4305 20.2156 22.2174 26.4822 22.3022 25.8244 24.1985 18.6264 32.4592 15.1108 22.7077 24.2990 24.6078 19.0085 29.7729 31.5424 23.7749 19.7774 16.3925 22.7288 29.9300 26.5996 22.3834 18.7493 19.9432 30.6904 20.7461 25.0819 21.6586 20.3455 20.5146 25.3174 20.8230 21.9139 26.0649 23.1502 19.3062 27.6690 21.9917 27.5059 24.6449 22.7425 29.0310 25.5844 21.5420 24.5713 24.1401 27.4573 28.9359 23.9347 30.6589 22.2528 22.4800 20.2906 24.3347 25.0907 30.7218 19.7552 22.0154 24.3582 26.3573 20.3055 18.3794 23.9686
23.3587 19.6359 22.1218 34.3473 25.0230 18.6170 28.4794 25.2671 24.7827 23.3351 16.7560 23.8756 18.8109 27.7822 24.2851 19.7988 22.0161 24.4515 20.6278 30.6026 23.2299 26.0609 27.0155 30.6658 22.1789 20.6920 22.8350 0.0000 23.6614 14.3941 23.1106 25.5949 23.9205 22.9621 25.8221 31.6611 26.6855 20.3956 25.8429 21.6674 27.5062 23.3355 21.5895 24.8929 16.1272 21.8462 21.8944 20.5479 22.3405 23.2159 23.6391 21.8795 21.3078 19.0167 24.7357 23.4804 26.8794 25.6097 25.3898 17.4760 16.3221 24.8124 21.5569 19.9335 26.8049 23.1742 18.8625 19.4466 22.7206 24.0143 16.7940 20.0208 24.9565 15.4440 26.1570 22.1152 28.0988 23.3677 17.6889 19.8960 19.9045 22.3904 26.2916 26.5709 23.0619 16.7301 24.8050 23.3820 22.8644 31.7998 26.2552 25.3588 19.5644 23.5212 18.9615 31.5697 27.9382 21.8354 21.2306 26.1657 26.3897 37.8516 21.5858 22.2082 22.5304 27.2956 24.5885 20.7149 20.1060 23.9610 17.8217 24.0174 26.1607 25.9297 26.6367 23.4510 23.3245 26.5237 20.0074 18.6969
26.0982 20.8155 27.3611 26.5366 16.3714 27.3767 20.0715 28.3608 22.5229 22.8751 23.2212 18.7789 21.5599 20.6864 25.6261 22.8891 20.5529 19.5031 22.7079 25.4780 23.9309 27.1164 22.3988 24.9261 22.8214 19.0973 23.2631 23.6614 0.0000 26.6369 22.2840 31.3809 24.0678 25.1793 29.7323 24.6007 23.5487 27.0008 17.4452 23.3982 30.1596 22.0218 20.9627 27.5356 24.6189 21.9445 29.0678 21.3759 25.9771 32.0488 30.4692 17.9740 19.5040 19.6134 23.4788 25.1605 25.5309 19.1527 27.7031 27.3064 32.4507 24.6492 28.7638 22.7904 18.3099 31.7318 28.5623 24.7151 27.6094 26.7311 15.1078 18.0049 21.1467 29.5329 24.4064 29.1767 25.6723 23.7939 29.8873 21.9173 20.8721 21.5629 27.2824 25.0174 26.9135 23.2347 27.0169 32.1791 20.0583 18.7129 25.1429 23.6970 25.9062 25.2794 28.8488 19.8585 20.9900 24.2103 24.9579 30.8702 31.4228 24.8716 30.5283 28.7480 28.0657 18.6374 28.4665 19.8050 19.8448 28.3774 20.9913 33.4465 23.0456 21.3542 19.5448 22.0691 20.8630 25.1352 27.8447 31.7246
27.5885 24.2710 27.1755 23.9231 23.1167 21.0050 31.0566 22.4186 27.6047 21.8670 21.4564 21.4669 30.6856 17.4379 28.3770 23.7592 16.8423 22.9294 24.2956 26.9022 24.4713 22.1948 29.1651 20.8309 22.2350 28.4876 20.2250 14.3941 26.6369 0.0000 23.1639 23.6123 21.4817 33.1251 20.8134 27.5442 25.1618 26.9972 27.2562 25.1136 21.4506 18.9232 23.3824 25.8037 29.4175 25.1558 18.0589 23.1986 19.7371 23.7589 29.4753 27.8744 32.1653 20.6294 16.4906 25.6894 27.6392 25.9652 24.6725 15.2954 30.5240 19.9980 24.3806 20.2643 24.3142 18.1142 19.9365 20.6247 23.8958 27.1818 18.3551 25.5415 21.1314 25.2708 20.5542 29.6282 23.4662 22.2180 28.1828 18.9923 24.3172 22.2219 19.0301 22.8192 30.1264 21.7990 19.4167 20.1549 22.0510 22.0439 23.3293 23.0033 24.9706 20.8798 13.4940 27.0588 24.2161 27.5911 17.0559 20.6959 23.9780 22.1028 22.3021 20.7576 19.7609 19.6141 25.2730 24.6084 20.6353 26.8298 29.0356 22.1395 26.6410 22.1862 15.4848 19.5494 25.1588 19.7678 23.9780 25.9328
29.7488 21.9268 17.9755 27.3551 17.6302 29.9628 21.6794 17.0613 24.8634 24.9615 17.4657 26.6325 23.9232 17.8093 17.3721 18.9607 23.7765 23.2608 18.8086 34.5046 28.3453 22.0087 24.2875 29.8733 22.1968 24.7810 16.6000 23.1106 22.2840 23.1639 0.0000 22.4766 32.0056 22.3796 24.2942 24.1226 21.3774 18.5091 26.7722 27.9553 29.9057 22.6658 19.3617 27.1047 27.8798 26.4277 27.7307 29.0464 26.4802 22.9220 18.9664 24.0697 18.0786 24.0237 28.7853 24.6013 24.0712 22.4411 22.4750 26.8195 26.1444 23.9056 27.0032 23.9861 20.6228 24.5752 30.1847 20.4218 28.1509 29.2768 18.2442 20.4841 23.1765 23.3572 27.1341 24.1850 24.8497 26.5552 28.2625 22.5141 21.3287 24.1626 25.8905 22.7735 24.0222 23.8440 27.2270 31.5742 16.5322 25.5439 29.3933 22.9017 23.1793 32.6176 28.1624 20.0114 22.2309 24.9114 22.7165 23.6574 22.7448 25.9499 26.9796 19.5450 26.0085 20.6827 21.7884 23.9918 28.7517 28.4336 23.2549 21.9090 21.3776 18.6690 22.3804 22.3424 24.7627 22.1728 29.5479 24.3537
24.1626 19.9385 23.2715 23.4821 20.7326 25.1931 27.9281 25.9650 24.9669 27.2275 27.3878 24.9569 19.4403 22.6161 24.9207 21.2293 24.5952 26.3826 23.3908 25.4808 20.9470 22.7517 30.4131 24.4775 22.8422 25.6060 25.9479 25.5949 31.3809 23.6123 22.4766 0.0000 17.0309 19.9782 18.2492 25.6747 25.0668 26.4200 21.0581 27.8676 26.1629 17.8120 28.7828 26.0763 25.8433 27.1115 17.3775 22.0359 27.7098 27.8312 29.0263 27.5961 21.7591 26.2049 25.3657 36.5363 26.0455 24.1986 28.1732 24.0243 21.7658 25.3825 21.6909 23.6436 21.7786 25.9951 27.6613 24.0316 31.2199 20.7417 21.0089 24.5144 22.8324 27.4603 21.3121 21.4978 13.8148 25.9949 22.9330 29.3572 21.4726 25.3708 24.7608 23.6300 24.4457 20.2209 26.4233 25.3982 30.7199 23.0026 14.9815 31.5079 20.3425 26.3433 19.3246 23.7528 23.4155 26.0123 17.6033 32.1577 23.8435 27.0726 28.8816 13.5548 25.7160 20.4104 23.3140 26.9330 22.9409 15.8903 26.8605 17.6891 20.2421 27.5146 28.1741 23.9920 28.4135 27.5025 23.8432 19.2795
26.6057 22.1074 26.1842 27.0722 17.9848 31.4249 31.6477 23.7120 30.4746 24.9660 16.0620 20.4360 26.3889 20.5892 13.7581 26.0439 19.7801 26.8102 19.0546 24.5364 24.4990 24.0287 21.9562 26.4412 28.1540 19.8969 20.3418 23.9205 24.0678 21.4817 32.0056 17.0309 0.0000 29.5154 19.4859 16.6895 19.1462 22.2318 27.7501 18.4874 22.5434 16.8289 31.7371 23.7009 27.6584 26.5414 30.6920 23.7663 22.1963 23.6003 26.7377 24.1126 26.7041 20.3047 24.1179 23.4567 26.8651 23.0690 17.3929 28.7148 29.6171 23.8394 24.7102 25.5854 22.1112 21.5917 20.7607 18.6951 26.2971 29.4569 24.0155 24.2082 30.7267 26.8301 23.4172 26.8829 28.8945 21.6082 24.8220 28.0367 18.4322 19.5183 20.9909 25.5212 23.4844 19.5742 24.1771 18.9343 26.9676 21.5265 25.7129 20.9246 23.6554 28.5064 20.0539 24.3543 25.8029 25.4162 20.6718 24.2265 25.9501 21.5733 21.6666 22.5738 29.3147 21.1246 26.0735 26.9516 26.4409 21.5115 23.0117 23.5328 27.5528 26.7434 19.2272 26.7803 25.4105 27.3791 21.5558 25.6402
25.0286 24.6953 26.0920 24.1834 26.5211 22.4198 19.2111 31.2839 15.6542 25.5003 23.0818 21.2514 22.8204 24.4600 19.9009 26.1868 21.9982 22.8994 25.4495 20.0741 23.1623 19.9473 25.6078 26.8962 28.4897 25.2687 21.5192 22.9621 25.1793 33.1251 22.3796 19.9782 29.5154 0.0000 21.6304 22.6155 24.0238 28.2284 19.2187 20.0848 23.2021 28.9897 21.8110 20.6280 30.2101 32.0481 22.5711 25.9504 24.6786 21.7981 20.8781 24.5185 18.0840 24.6294 20.9921 28.8553 22.0040 22.3378 34.1704 28.2141 24.6439 30.3521 19.0501 20.0362 22.6785 25.9561 23.1916 21.0523 24.9389 23.5112 19.2343 25.8517 23.3331 22.6379 26.5882 23.4255 23.7330 18.4994 21.8133 19.4216 24.1078 30.1717 21.8863 29.5185 27.7196 18.2884 24.8251 23.8540 27.6597 26.1209 27.5763 20.0492 27.2749 20.2459 23.7716 25.1695 27.8615 26.4428 31.6641 24.9946 28.4608 27.1894 25.2747 26.1730 28.1130 25.3849 23.0534 28.4342 21.3103 23.7389 27.6321 27.8326 23.0437 29.0374 25.0175 19.0249 22.7915 28.5648 19.7066 23.1098
19.3341 29.9785 26.9557 27.6875 20.5859 24.8922 23.7192 26.4429 26.4398 27.0134 15.8701 24.9934 21.5803 24.4253 25.6366 19.6618 20.5092 25.2462 24.7054 25.1123 29.2293 20.5900 27.9614 26.8073 27.1296 23.9857 22.6779 25.8221 29.7323 20.8134 24.2942 18.2492 19.4859 21.6304 0.0000 30.4037 23.1421 23.5502 24.3645 19.5049 22.0781 25.0562 20.3015 21.2110 19.7806 24.6473 17.1109 25.5285 28.6999 22.3798 24.6347 26.3270 20.9957 15.3804 24.9469 27.5912 29.9081 26.4635 21.7643 21.6855 24.3404 20.8902 25.1024 22.7361 28.1206 19.1764 24.5654 30.8680 26.2613 34.1500 17.2602 20.7248 15.1273 26.7347 22.8170 23.8833 26.3562 28.4368 24.5561 15.7889 23.0499 25.5878 27.3915 22.4475 30.8693 21.7625 23.1950 22.7070 27.7252 26.7119 23.3728 24.1719 23.9266 20.6084 24.4199 24.5643 22.3276 25.3881 22.8404 21.8573 21.7683 26.5647 30.5560 14.1818 25.4122 29.2192 27.1281 28.6481 22.4294 27.2210 22.7836 24.2960 25.9864 26.5685 30.7548 28.9475 24.9214 20.6153 20.1066 26.6892
19.9882 26.4603 26.2273 26.7287 17.5085 19.0768 23.8349 25.5515 28.6812 16.1960 19.1090 20.8474 20.9706 19.5604 23.0134 19.4992 21.1246 27.5259 20.4044 24.3680 17.8939 26.2069 19.7846 30.4404 27.1118 25.1057 25.3884 31.6611 24.6007 27.5442 24.1226 25.6747 16.6895 22.6155 30.4037 0.0000 25.1879 26.2373 25.4043 23.6095 12.9135 19.5282 20.1507 20.0303 22.8849 23.7970 25.1940 21.3302 25.1177 22.0347 25.1645 25.5240 26.6161 30.4995 30.8458 22.2341 24.4051 25.3782 24.1834 21.2689 29.4998 23.1846 21.8637 26.9838 31.0193 16.7350 29.2606 27.4295 22.2068 29.8767 28.1675 23.5874 19.8572 23.6754 30.5840 21.5092 23.1667 19.2606 25.3521 21.6348 22.7402 24.4087 22.2489 21.8057 18.5538 24.6459 23.3109 23.8169 24.6488 21.2091 18.6587 29.9450 17.2623 28.0688 18.1688 21.2606 24.6490 25.5915 23.7051 19.5729 18.4416 26.3085 23.5905 32.8980 26.5067 30.9036 25.3749 17.1542 22.8617 21.4924 26.3300 22.7508 20.5657 25.5756 18.0406 22.6113 25.2656 32.9437 25.9398 24.0614
24.7894 15.2090 18.5218 22.0321 27.5584 24.0821 28.2624 22.9561 23.8574 20.7062 15.2655 30.5441 31.9877 24.4399 15.6880 16.1266 17.4518 17.8530 28.9677 24.0751 20.7370 29.6755 30.1563 32.2999 19.8977 23.4881 27.9591 26.6855 23.5487 25.1618 21.3774 25.0668 19.1462 24.0238 23.1421 25.1879 0.0000 19.2427 23.0448 25.0353 22.5229 23.3991 29.5105 20.5052 22.1789 21.0468 20.7885 27.7226 21.0083 24.4424 25.9814 22.3377 30.1819 23.5053 26.0739 21.0801 25.8562 19.6325 24.9644 25.7277 23.6481 23.9579 18.9688 26.3438 27.2202 26.1940 33.8076 27.0274 19.2194 26.8400 24.1615 22.5852 27.8282 22.8581 17.2798 16.8737 21.3105 27.6334 27.7082 26.5536 29.1848 20.4380 22.1544 24.1580 22.7260 24.3195 24.7742 16.1604 22.5758 23.6934 23.1185 29.4711 17.6141 25.4650 25.8878 28.8047 24.1355 25.3431 27.9672 29.0196 21.7996 24.8961 28.7403 23.0663 23.0271 22.7983 21.9615 30.0742 24.7537 22.6779 26.3994 25.2311 22.4941 27.9843 24.3540 23.8649 23.5525 28.3015 22.8127 26.4301
24.6535 32.5420 20.4593 21.1113 21.1255 30.2223 18.3199 20.1871 18.2503 19.6034 20.5218 18.0800 21.1706 18.3948 21.2369 21.0838 21.1828 24.0384 26.2570 20.2378 17.5603 31.4539 25.7430 26.3667 26.4602 18.6225 27.5833 20.3956 27.0008 26.9972 18.5091 26.4200 22.2318 28.2284 23.5502 26.2373 19.2427 0.0000 16.8928 24.1550 15.2508 22.0380 25.6758 24.1887 24.7232 22.6953 29.4720 22.9087 24.2160 26.2821 24.4021 24.3102 22.1191 23.6487 19.3374 24.4795 20.7827 21.2638 29.6677 24.6332 31.5776 19.3039 23.9707 28.0346 27.5191 26.2529 27.3560 25.9820 17.8948 30.3352 31.1743 19.5093 24.0349 22.8566 24.2304 24.9148 26.5713 23.6748 29.5997 27.4394 27.0239 17.7609 24.7618 29.2523 19.8596 27.5170 19.6090 25.0969 20.8719 30.5805 23.7673 21.6991 30.6638 26.5774 26.0069 27.6049 27.7980 26.4975 19.9195 26.8623 26.7537 29.4877 24.0149 28.9751 21.8357 25.9410 27.5198 25.2303 23.8720 29.2868 24.8867 16.0178 25.3897 19.4138 24.5605 23.9605 26.1519 26.4642 24.1623 23.9241
27.2474 26.5887 18.3511 21.2499 24.1504 19.4018 26.1542 22.8448 28.6791 19.5444 21.8158 22.9930 23.8354 27.8793 22.0850 22.6001 21.4138 24.8799 26.5415 18.3701 20.1840 26.3614 20.2869 28.8311 31.9558 21.3192 26.5614 25.8429 17.4452 27.2562 26.7722 21.0581 27.7501 19.2187 24.3645 25.4043 23.0448 16.8928 0.0000 30.2366 27.3292 24.5603 23.3905 23.2643 29.3944 23.4121 23.5161 25.7100 23.4014 29.3456 17.2880 24.1068 28.2381 19.8468 26.1855 21.6419 24.4228 24.3145 23.3526 26.6467 23.9234 20.6110 21.9947 19.2775 23.9423 23.7103 17.9301 21.4692 20.9986 24.0249 21.6313 21.4070 27.1237 28.6805 25.5354 18.9122 18.3661 22.0739 17.7399 23.3190 26.7973 22.7023 33.0523 28.6820 17.7344 24.2327 19.6411 15.6577 23.6256 20.6656 23.9859 25.6829 25.7340 25.6935 25.8811 25.8975 20.9375 22.2128 26.4163 28.7461 26.6784 20.5675 21.6596 25.1441 26.6955 21.4410 23.5168 24.9819 30.3888 20.4722 19.7903 22.0768 21.3788 29.3848 18.9942 24.2991 24.2645 24.1395 23.0387 24.5740
32.0411 21.5652 21.5206 25.7391 25.3188 24.2441 20.9303 25.2870 19.8250 23.5477 20.8375 24.3703 23.3165 20.2230 25.1590 18.9217 21.6574 29.3256 25.7165 33.1941 19.9938 30.5241 26.4343 26.2357 16.7904 22.8083 21.6261 21.6674 23.3982 25.1136 27.9553 27.8676 18.4874 20.0848 19.5049 23.6095 25.0353 24.1550 30.2366 0.0000 24.0144 28.0983 22.1151 26.0614 25.6941 25.3877 25.1523 27.7966 22.3548 30.7716 34.0484 29.7559 28.1632 21.8171 27.8643 19.4628 20.4579 25.8960 25.5546 18.3931 29.3738 23.6996 23.8972 18.9157 24.2366 18.6359 28.4911 23.5606 29.4507 24.7748 23.6997 25.9368 27.1598 22.2943 22.4539 21.0986 24.6816 20.4812 23.3585 21.5631 24.2160 24.0517 23.2765 28.0005 24.7767 27.2550 24.2571 21.0090 19.5994 21.3837 15.2401 28.4624 17.6155 22.9911 23.3426 29.2235 23.6463 15.9806 19.2981 21.3740 20.1342 27.2832 24.3570 21.8895 22.7629 22.5088 23.6263 18.8479 29.6519 26.6986 19.9798 25.7424 28.2610 18.0378 26.7771 22.8551 23.9796 22.9800 25.7525 28.4608
17.5230 18.0756 18.4631 25.1398 21.3674 29.1489 23.5786 27.9233 21.6609 24.6696 21.9873 22.5607 23.3328 23.5206 22.8864 20.7903 21.6673 22.9846 19.3390 26.3574 17.4566 22.9351 26.3439 28.7536 23.6417 21.5521 21.7885 27.5062 30.1596 21.4506 29.9057 26.1629 22.5434 23.2021 22.0781 12.9135 22.5229 15.2508 27.3292 24.0144 0.0000 22.8798 14.3682 26.0350 21.6581 19.5843 28.3104 16.2846 24.1784 15.3518 22.4269 29.0905 28.0661 16.3183 25.6295 24.2795 22.1400 19.1310 16.4899 28.1858 23.4278 18.7441 26.2727 36.5335 24.8545 27.1532 19.6324 30.4481 22.6548 21.2047 29.0619 26.6774 24.6504 35.2649 22.1178 23.0333 18.9541 25.0910 24.6187 24.5229 24.7191 22.9536 31.5050 20.8189 16.5686 27.4035 18.8890 28.2973 18.9205 20.6075 22.7378 25.7370 28.1025 24.6941 30.0483 26.0573 20.4940 28.6617 31.7029 21.7420 23.8567 20.4284 28.9530 21.9577 24.4038 31.2044 22.4503 15.5850 27.6776 21.0296 30.7479 23.8264 24.1048 26.8462 27.6146 23.4537 22.7261 26.0164 23.8123 23.4115
