200
0.0000 6.5609 9.8912 9.2867 10.6322 6.6798 10.1460 12.7286 9.1225 10.0507 10.2180 10.5468 7.6175 10.5331 10.2386 10.8774 10.6390 10.7750 11.4674 10.0009 9.7589 9.5665 8.6186 9.1319 13.3275 6.3848 11.7303 12.0531 13.4590 10.3232 9.4693 8.1921 9.5801 11.2468 10.7443 8.6795 11.7254 9.0720 10.5647 8.3598 11.0015 11.5569 9.5390 7.2710 8.0069 8.8878 9.8703 9.8270 9.1664 12.0995 8.5538 12.9491 9.5526 12.2904 10.8402 13.8515 9.0067 8.5317 9.7382 8.1716 9.7737 13.3386 10.6543 8.6063 8.5438 10.6398 9.9484 12.1875 9.8549 12.2083 10.7464 8.1617 11.9467 10.7942 12.6407 7.2335 12.6157 11.2832 7.1417 10.8422 8.2754 7.4293 7.6017 11.9831 11.4953 12.8622 15.5086 13.2971 10.7519 9.2675 12.7887 6.3914 10.4666 9.1655 9.3088 7.4840 8.5268 5.3603 10.1791 11.6280 9.9289 11.3017 8.8593 8.1830 9.7027 11.4805 11.1359 12.0291 10.5487 9.5330 8.4718 11.2809 8.8718 10.0276 11.6070 9.0535 8.2083 9.7352 11.0703 8.6856 13.2040 9.6320 8.7355 5.6549 8.2765 11.3953 9.9786 7.0049 7.5305 12.3620 12.4162 9.0372 9.2507 10.8440 10.6285 8.6059 13.4422 11.3333 10.0734 7.4038 9.8502 9.7365 9.8634 13.8582 9.7894 12.0315 6.5302 13.2885 10.6113 9.6902 13.4447 11.0092 10.0860 8.9083 12.1448 10.5185 11.9915 9.3385 6.6510 12.2811 12.6187 13.0581 10.9514 9.7099 11.4018 14.7968 9.6507 10.1015 12.0543 14.0678 10.6731 9.5266 10.4850 10.4158 12.9361 11.9288 9.2971 7.8745 12.2520 8.7547 12.9388 11.3992 12.7764 8.4957 12.7779 8.4194 8.4770 6.7336 8.7225 4.8346 8.9527 10.2217 8.9243 10.5188 8.4216 7.9425 9.0050 10.9258 8.4765 6.7120
6.5609 0.0000 12.2241 10.4431 10.0696 11.5791 9.4525 9.0346 4.5919 10.4615 10.3530 6.0657 9.0305 8.9045 13.1589 12.6593 9.6787 6.4828 8.4083 11.2528 9.5808 10.3534 9.1788 9.7529 7.8411 7.9336 9.5566 8.9981 10.6315 9.8531 9.4002 8.1218 10.5768 9.9068 8.8369 10.2216 9.3294 6.4087 12.1188 12.2513 9.6000 7.3567 8.5612 8.7374 10.2391 7.8584 12.3140 11.4982 10.2550 7.9390 9.8979 9.2948 10.4845 8.2042 9.9304 11.6364 9.5954 8.6705 9.0337 11.3559 6.7452 8.5478 10.0047 9.0804 9.4940 9.4565 5.7970 8.4701 8.9795 11.1612 12.4255 8.8273 9.6602 12.8729 10.2368 9.1488 10.5307 13.8534 9.6057 10.7005 10.6535 11.7735 10.0562 10.0439 8.3230 7.2249 11.4784 8.0471 9.1780 10.5668 12.2150 12.3684 8.8421 9.2672 14.9764 11.7203 12.0051 9.3602 9.4119 7.1891 9.4101 9.1479 8.9717 8.0297 10.0237 11.8475 11.5828 9.5821 8.8425 12.1506 8.8728 12.3774 8.6162 13.8704 10.8637 5.4214 10.6012 9.4989 13.2249 11.7297 11.8426 12.2784 9.0827 9.2495 12.7882 11.2234 9.2844 6.7712 11.5761 11.8568 7.3324 10.2061 8.6398 8.4136 6.8436 12.3891 9.3697 11.1237 12.8418 7.6676 9.3819 10.0903 12.5960 9.7130 8.7544 9.7054 9.4553 12.5511 8.2856 10.6800 9.4052 9.2903 11.4285 11.2592 10.4483 7.7777 8.1412 10.1645 10.2763 6.6304 11.2794 16.0654 8.7981 8.9237 9.5092 9.0655 9.5521 9.5817 13.2026 10.9314 9.2024 7.9167 12.2835 13.2857 6.8056 8.2049 8.8911 8.1820 10.2215 9.9571 6.7126 7.6802 11.9870 15.3106 8.9380 10.2594 12.1151 8.0565 14.7107 13.7588 7.5906 11.9663 6.8026 9.9216 10.9498 13.0765 10.8106 8.9833 5.1140 4.6419
9.8912 12.2241 0.0000 8.7006 8.6001 10.2438 11.4059 9.3052 10.4513 10.9748 12.9336 12.1308 9.2435 10.7851 8.7269 9.2382 8.7137 10.3697 12.9535 10.0917 11.4892 8.7007 10.7727 9.3637 11.5076 8.2279 10.5027 8.6316 9.7877 11.2692 9.1305 11.9995 10.0467 11.0162 7.2912 10.2011 9.2411 4.8694 10.3716 6.8718 12.0812 10.2871 11.5840 10.2513 10.6061 10.1021 10.5906 11.2288 11.3012 11.6616 6.1296 12.7845 11.4527 12.9829 11.2666 9.9897 8.8797 11.3295 9.5823 8.5208 7.7554 9.9077 8.0374 7.5748 9.0990 9.6052 11.5350 12.7034 14.5512 11.2053 9.8183 10.5794 10.0015 8.5220 8.3890 12.5168 10.9465 10.4967 13.2794 10.1712 10.2105 14.3500 7.9776 12.6067 11.4433 9.1634 10.7350 7.7416 12.4696 12.6910 10.7810 9.7426 10.1642 11.8800 11.1702 11.0732 8.0127 7.7152 8.6571 8.2561 12.8717 8.8055 10.8091 7.7191 9.7464 5.3746 12.2691 10.5095 6.0731 11.7428 8.1971 8.9799 5.4915 10.3789 9.8601 9.7475 13.9472 9.7870 10.9843 10.3165 5.5256 10.0952 8.5081 9.3746 8.5805 8.7420 12.8639 12.2639 6.7054 9.9859 10.8726 8.9580 8.9797 9.0092 8.7476 12.5701 11.5949 8.4799 15.2558 10.1827 10.2198 10.1061 6.4920 10.1466 11.7718 9.1600 8.0830 8.4591 9.5084 14.8157 11.2146 7.8226 8.1730 9.1436 10.2690 12.3652 8.9293 9.5712 11.5706 10.4502 10.2229 10.5798 4.9711 10.9804 7.2246 10.9476 8.0983 10.7860 12.6762 8.3397 12.9432 11.4610 8.9314 11.8156 8.6028 9.7782 9.2438 5.7779 12.0697 2.5928 10.7894 13.1090 10.1420 10.0019 8.7540 13.4855 12.0863 12.3484 7.9881 9.8390 9.4255 11.2524 10.5974 10.3130 12.3902 9.5831 9.7864 14.5349 5.6861 12.7002
9.2867 10.4431 8.7006 0.0000 8.3525 10.4323 8.4226 13.1322 11.6772 7.9546 8.7620 9.4159 8.4606 7.9445 10.0529 8.0871 10.9494 5.3889 8.3076 6.6444 10.5505 12.6103 8.8945 9.9322 11.3399 10.3503 12.8736 8.0954 7.8421 9.0943 9.7810 10.1449 9.0872 12.1453 8.4541 9.5227 9.9492 9.9497 10.9463 11.6220 9.4544 12.1241 13.5323 12.9102 10.5507 8.6587 11.3107 12.0646 6.4635 6.8115 8.7741 9.9117 8.5249 10.9881 10.0170 12.3145 11.7271 11.6104 7.6398 8.8462 9.7926 11.5683 10.0588 11.4195 9.8612 8.1470 8.4989 7.7115 8.8533 11.8125 13.6837 13.5311 8.8196 10.7479 7.6370 6.7486 10.7590 14.3327 8.2087 12.6847 7.7948 10.6534 12.6753 11.5872 8.1664 8.8995 9.6377 8.8937 10.7064 9.6214 10.3449 10.9970 8.6199 14.0428 7.8920 7.6364 10.2449 10.3666 8.0269 11.5847 8.4184 8.6206 12.0277 7.9203 11.9642 9.2754 14.1188 9.0165 10.5173 9.1513 9.7073 7.8945 7.2162 11.1493 11.4263 13.8554 12.3209 13.1454 10.7019 10.3522 10.0355 11.1859 10.2163 10.1854 14.1024 12.8518 12.8874 10.1300 8.2292 10.8731 8.2298 7.3477 10.0143 8.6060 10.5382 8.8205 10.7371 7.3442 8.6491 9.4458 8.1641 12.0084 9.7614 9.0512 6.2951 9.2599 9.8284 11.9389 8.9799 9.6008 5.8534 10.3364 9.8033 10.7337 8.4532 10.4622 10.2067 9.5155 7.3692 7.8411 11.1313 17.1727 9.4215 10.4724 10.8933 9.9722 9.8585 13.1971 10.6560 11.3640 9.9218 9.2065 6.2225 9.1983 4.2492 8.7536 11.2976 7.5638 6.3115 9.3334 6.5360 11.8996 10.9919 15.8730 12.4820 9.9687 6.2763 13.0160 7.3971 9.0342 8.2161 4.0290 9.7057 9.8020 10.0765 9.0073 11.5173 11.2688 10.8369 9.9076
10.6322 10.0696 8.6001 8.3525 0.0000 8.5769 7.6128 8.7776 9.5505 9.4957 10.9383 10.6022 7.6185 11.7282 11.6821 7.6222 12.2911 10.1841 8.5905 10.0991 7.3562 9.8841 11.8445 9.9935 9.5582 10.4444 10.2397 14.0460 8.2300 8.9387 9.4675 12.9463 9.7760 11.7769 9.3393 7.0994 11.5540 9.4010 12.3175 9.1769 9.5546 8.6484 11.1669 12.0348 10.3879 11.8602 8.6824 9.6361 11.1052 11.2801 7.1258 8.9565 10.4568 10.1703 10.5883 15.5148 11.8955 10.4311 12.7504 9.8272 11.3108 9.0048 11.1724 8.7375 11.5518 13.3409 12.5446 14.3167 8.5121 12.8441 8.0536 8.5568 3.6532 9.0222 9.4193 9.3818 12.0882 8.8228 8.4811 9.1430 12.5022 9.5106 13.1165 11.8780 9.3810 9.7920 12.3141 11.0067 10.8895 9.4955 11.8089 7.2166 9.8862 10.1164 9.6904 10.6410 7.6351 13.2549 10.2811 11.3153 11.3239 8.2060 8.4605 12.5883 7.9003 10.8764 12.4455 7.1950 9.6701 10.4537 9.4311 11.7831 9.5952 13.1404 8.6699 11.2253 12.6223 9.5253 8.9612 10.8572 8.8137 9.6868 8.4858 8.4916 9.8974 13.0311 8.7909 8.9256 9.5817 10.2288 7.8149 6.4770 13.4760 12.5833 12.3024 8.5379 14.1127 11.2718 7.1732 13.0698 9.0591 5.2390 8.4165 9.8971 10.8104 10.5937 9.7335 14.9161 7.5535 6.4079 8.2758 13.8404 8.9762 7.9369 13.2579 5.7138 7.2094 6.8277 11.8365 8.3242 7.8757 9.6751 10.9375 6.2140 9.7578 8.7116 10.9454 13.9197 15.1402 8.7111 6.6603 9.2623 11.4431 10.6786 13.2925 10.5946 9.3724 7.7154 10.0871 9.6470 10.7048 10.7013 10.3970 10.2040 10.5551 11.2296 7.6204 12.1227 9.3800 11.6086 12.3760 6.8623 12.5209 10.8297 9.4307 4.6592 11.2256 9.0961 8.3388 10.4590
6.6798 11.5791 10.2438 10.4323 8.5769 0.0000 9.1236 9.8662 12.4222 9.7250 8.2025 9.3854 11.4805 14.0521 10.2220 9.3976 9.2482 8.2614 12.8310 11.3704 14.0255 8.4555 10.3881 8.1126 12.9770 10.7359 7.5617 12.1288 10.6830 7.6505 10.6086 10.7779 7.1696 10.3165 10.7263 8.3557 12.2692 11.5324 7.9494 9.2683 13.2234 10.8963 9.6985 11.2544 8.3770 7.7444 10.1329 8.7347 9.0854 5.0943 13.1554 7.9540 12.0966 12.1550 9.8251 9.0356 9.9050 10.4246 8.5457 8.6747 12.0010 9.3384 8.6992 8.3420 11.6348 8.9739 11.6586 10.1230 10.5846 9.1869 8.8283 9.0857 7.3221 8.0436 13.5240 7.4064 12.6966 10.4053 9.1550 5.2158 12.2041 13.2851 11.7909 12.4147 10.9300 10.5897 8.8720 12.3332 13.3839 5.7658 9.9666 11.8578 8.3790 10.4326 14.4475 10.9720 11.7864 10.4125 12.2170 10.7113 12.1208 12.2926 9.3048 11.3757 13.3465 5.6427 6.7701 13.1630 12.1055 12.5064 11.1586 8.3502 7.3595 9.0334 10.7076 10.9703 10.1415 7.2337 8.8013 10.8132 11.8653 9.3336 8.7704 12.6677 11.4586 8.3031 11.8986 8.6439 13.4656 5.3739 10.9919 11.0335 11.3514 10.7880 10.1184 6.7953 7.9078 12.7820 12.0915 12.8469 12.2339 9.9957 9.8177 11.9400 10.2908 9.3657 11.2958 6.3898 9.4843 11.8687 9.8614 7.6058 12.0584 10.6829 8.8845 11.2722 11.9268 11.4734 11.3906 9.6471 9.8738 12.9529 10.2187 11.8874 15.9989 9.5297 7.0618 10.2513 11.1565 7.7600 11.0850 12.5780 12.3689 11.3465 5.5169 11.9571 11.4290 6.8935 8.5832 9.3492 11.6623 10.3339 13.2703 7.4644 12.3426 10.3534 9.8112 11.8858 10.5201 8.8798 10.8709 13.3792 7.5111 15.5300 9.0892 10.1717 7.8081 9.1474 9.0406 9.3438
10.1460 9.4525 11.4059 8.4226 7.6128 9.1236 0.0000 8.5216 8.7019 7.4414 10.1454 10.6414 8.8403 5.8895 10.1406 7.8818 7.7147 10.5502 11.6709 8.9498 7.2528 10.9986 12.1484 8.4084 9.3317 11.1616 12.1820 12.6261 8.4027 9.8667 9.6180 10.8336 8.0370 6.2380 10.7506 11.5881 10.3546 9.8318 9.7510 12.2685 12.4276 10.7599 11.6506 7.9388 7.6035 13.4601 10.3777 8.7860 11.3905 9.2934 10.2768 6.0899 8.5943 9.0127 8.8838 8.4872 9.3934 10.6326 12.0313 10.1327 7.2621 6.7146 12.1834 10.5890 7.9774 9.9852 10.1897 10.7032 8.0697 9.6568 14.2824 12.1283 8.6581 10.8319 6.6244 8.2098 12.7155 10.1163 9.0838 8.5044 12.1239 12.4871 11.5684 7.1239 7.3004 9.7499 9.0200 12.6640 11.4455 10.2861 11.0940 10.5570 9.2913 11.7826 11.3259 9.7992 11.5397 9.4199 12.1798 8.4779 10.8504 11.1965 11.4379 10.3777 10.3625 11.3949 10.5520 11.9873 11.0237 8.0913 10.2969 12.7875 9.9265 10.7547 5.0647 11.0092 7.5838 3.6549 6.5844 12.3860 7.5602 6.6197 12.4853 11.1350 11.8619 8.6834 13.1232 9.4001 10.8947 11.0301 9.2964 11.0125 8.0164 9.4313 11.8443 6.6425 11.2094 8.7805 12.4734 9.1763 11.7183 11.9293 12.8238 9.7397 7.4455 10.6769 9.7541 8.2309 14.1737 9.8193 11.4118 10.3782 9.9414 12.1966 9.7822 13.3982 9.5290 9.3179 11.5795 8.6036 7.8910 13.3196 10.2560 10.2055 2.8990 9.1329 9.9071 12.0997 8.2255 6.6869 10.9793 11.8012 8.8294 10.6612 8.1764 12.0554 9.0639 10.6161 9.9988 8.7481 8.0477 4.8924 10.1084 8.5031 6.6405 11.7051 10.9562 11.1799 10.0219 9.6237 12.3676 9.5313 8.6435 8.6837 6.0339 12.5941 10.9907 7.7253 11.2902 12.8974
12.7286 9.0346 9.3052 13.1322 8.7776 9.8662 8.5216 0.0000 8.5411 8.2455 9.1881 7.3335 11.2553 11.7008 11.4376 8.5004 9.0629 11.0869 10.2633 11.0866 11.6207 12.8118 8.5886 9.3935 11.1234 7.8357 14.7543 9.4120 9.4033 10.1617 9.3553 10.0185 15.5018 7.2646 9.1899 8.5548 6.8117 8.5637 9.0734 13.6176 7.9612 9.2804 12.8770 7.3438 10.8556 8.1942 9.1584 8.6919 9.5026 7.7111 7.4750 11.7616 13.6038 9.4242 8.9697 9.1471 10.6572 12.0852 10.0644 11.0973 10.8556 11.2733 16.9536 12.1012 9.8291 9.1310 11.8480 13.3268 10.1702 11.7756 13.8615 10.1704 10.8501 12.9391 13.0419 9.1150 7.3272 8.2469 7.6350 8.9672 7.3022 10.2004 12.6561 10.5968 9.3391 10.5818 10.8437 6.5521 10.4791 9.2959 11.8765 10.5635 8.6256 8.2043 5.5393 10.0780 8.1218 11.4217 9.7358 10.4974 11.0162 9.2501 9.8139 12.7919 8.4694 10.4453 12.9968 7.8952 7.2656 9.3980 12.8580 10.8633 14.5032 7.2301 9.4894 9.4961 10.6846 11.5009 10.6316 11.8130 9.8605 8.2144 10.5435 7.8843 9.0183 8.2209 9.5961 8.8450 9.1132 7.6698 10.9226 5.7086 8.2983 7.8200 9.8842 8.3962 8.0940 10.1872 10.6599 9.1399 8.1414 5.6858 11.4506 7.7395 8.4408 11.8737 9.6400 7.1146 12.3352 9.3444 9.8859 9.3678 11.8052 10.4397 7.4038 9.5283 12.5758 10.9637 12.4930 8.8818 14.0464 7.2493 11.0238 7.8444 10.3087 11.2414 6.0001 9.8820 10.7347 12.1199 10.9897 8.0216 9.3025 9.9054 11.6730 8.6213 11.0701 8.9290 8.0363 10.9259 7.1075 10.7204 7.9106 11.0701 7.9806 11.8140 10.7234 9.2067 6.5402 7.8773 7.8983 8.9905 11.1972 8.2604 9.3364 12.2223 11.9603 9.5708 5.9041 10.6649
9.1225 4.5919 10.4513 11.6772 9.5505 12.4222 8.7019 8.5411 0.0000 10.3890 8.6433 10.5975 11.5938 8.4911 10.8766 9.3212 11.0265 8.6842 11.5326 8.7041 11.8204 10.3878 10.7350 10.4137 13.6840 11.3722 10.0103 10.3209 9.5732 13.5040 10.4916 8.5912 11.0813 7.0800 11.5917 14.1199 6.5891 11.7153 8.9784 12.3831 10.0005 9.9629 11.1465 11.2325 12.0417 12.9520 10.9292 6.4799 12.0916 11.5452 8.2084 11.1713 11.4015 7.7014 7.6065 11.2035 7.4492 7.7854 11.0900 8.3117 11.5158 7.1357 10.1462 9.3770 11.5170 8.8652 11.0740 12.1409 11.2576 7.7707 13.9227 11.7394 8.9146 11.8004 12.0020 10.5511 12.9473 8.2037 12.6717 13.7451 9.5621 9.9087 9.5842 7.5363 11.4647 11.3593 11.9257 11.0899 7.1613 7.5982 9.1249 8.3924 8.2218 9.5428 13.6949 7.8527 7.8259 9.1684 5.5429 12.7330 12.1141 10.2789 8.5660 11.0228 10.3482 9.9989 8.5069 15.4140 9.7397 9.8792 10.8351 8.8643 5.5378 12.5134 12.2742 12.2241 8.0874 8.5942 10.1670 11.8459 8.0168 12.8925 9.3514 11.0929 11.0965 9.7069 10.9227 11.0061 12.0378 7.6476 11.5548 11.3449 11.0571 8.0109 8.2824 12.7550 7.6439 9.9717 8.1471 12.4192 11.1168 7.6624 11.5923 11.9428 11.1209 9.8527 10.1024 10.4044 11.3214 13.5454 9.6559 12.9019 12.2815 9.7867 10.0564 11.4301 7.6227 11.5011 10.7029 11.2554 10.9144 8.3047 11.6635 9.6104 12.6831 8.8934 6.7908 9.9510 9.5231 9.2868 8.4534 11.9778 9.4373 12.6789 10.6537 14.6768 9.2438 10.3167 9.8534 10.2454 5.6142 11.1032 7.3559 12.0761 10.4233 6.5233 10.8686 7.8704 9.3509 11.7912 9.6308 7.4114 10.1474 11.5253 10.2015 11.8117 9.0476 9.4453 12.0295 12.4176
10.0507 10.4615 10.9748 7.9546 9.4957 9.7250 7.4414 8.2455 10.3890 0.0000 9.4730 7.3462 9.3654 9.6779 6.8242 11.0939 7.9049 11.4480 10.9119 12.6153 9.6933 10.3163 12.2478 9.3843 13.9748 9.3182 10.2146 10.9048 10.6207 9.0713 7.4735 10.3417 9.7212 8.8023 8.9041 10.3030 12.2654 7.4732 9.4345 7.1333 9.5178 11.1570 15.4414 8.4435 12.0129 12.2830 8.3842 9.9308 8.4804 9.7759 10.5480 9.3028 9.8728 11.2347 11.3789 9.9971 8.3156 13.0593 8.5737 5.3854 9.4951 13.1221 10.5815 12.0179 10.0267 11.7892 10.4014 6.8540 10.3847 11.4583 10.1822 12.1977 7.8810 11.4949 9.2390 8.6399 6.9742 10.5734 9.5354 8.1481 9.0635 8.2841 12.8356 10.0711 8.9767 8.8523 10.4807 8.5568 9.4823 11.0547 9.6666 8.6418 10.5899 7.9612 7.9481 10.9021 10.7979 8.2074 8.1581 10.5392 6.8613 8.4735 7.5021 11.6281 14.8253 13.4403 11.4929 7.1415 11.8482 10.5197 11.4990 9.8886 9.2482 14.1601 7.3031 6.0202 8.3950 8.8246 9.2064 13.2382 12.8901 13.9520 8.9103 13.5243 9.4890 10.5289 9.8731 8.2422 9.8216 10.6987 9.9231 10.6392 11.5100 9.8133 12.3310 9.0716 10.1569 14.1970 11.7786 11.6481 5.5807 10.9379 10.7076 10.7854 10.5602 9.6110 9.8474 11.8361 6.8793 8.8636 11.8743 11.2409 10.1345 10.0993 10.5045 10.3090 12.3521 7.4315 11.7279 7.2589 9.6091 11.7675 9.5298 11.7284 10.9722 12.8319 10.9224 11.2275 14.3709 9.6511 7.9809 11.4757 10.9443 8.4564 10.0951 8.8441 7.1144 13.0278 11.9347 13.4964 12.6252 9.2236 8.7058 12.4573 10.1942 11.1134 7.6978 8.7911 9.9969 9.5012 14.4459 10.7618 9.0139 11.0094 6.5763 10.1695 6.9798 8.7269 11.1255 11.5729
10.2180 10.3530 12.9336 8.7620 10.9383 8.2025 10.1454 9.1881 8.6433 9.4730 0.0000 6.7064 9.7917 11.2313 10.1356 8.3013 14.0735 10.2023 12.4448 7.7936 11.6470 9.3731 9.2645 5.4953 9.8701 9.4483 13.3554 11.1170 13.3472 11.6404 8.9346 13.1246 9.0578 8.5550 12.9169 13.6284 8.4329 10.4091 8.9208 7.1526 6.4367 9.9895 9.8554 10.7969 7.7294 13.9649 8.1816 11.9121 11.3914 9.2817 9.7107 10.7223 9.4274 10.8158 10.0707 11.2103 9.5332 11.9909 8.2405 8.1208 6.1538 9.9358 8.5559 10.8351 9.4602 8.3095 8.1022 14.0293 7.1609 8.8312 12.9876 8.7375 9.1098 7.7957 12.2739 9.5829 9.2286 11.6233 7.7524 14.5099 9.1731 7.3576 10.9648 10.0376 12.6918 9.9910 12.1127 9.0996 9.7571 9.3147 11.5387 10.4874 8.2130 14.7086 11.1552 13.9519 11.9425 11.7355 11.8795 9.9993 8.2801 7.8866 11.3824 8.7467 10.5442 13.9542 10.9686 9.4807 9.0947 13.3981 10.9777 10.1487 10.9966 5.3561 13.9663 12.8979 6.6744 9.4261 11.1966 8.0538 11.7467 12.4285 11.7321 6.2942 8.0213 7.6087 8.7768 10.8131 9.0289 8.4292 13.1778 11.4416 11.7426 11.1182 9.0745 9.4175 8.8338 11.0707 9.3102 8.4254 7.3075 9.2159 7.8898 10.7008 11.2251 8.8141 9.0869 8.1663 10.4011 11.6001 10.6052 7.9177 8.8501 13.3880 9.3519 12.2976 9.4161 13.6102 13.0204 12.1777 7.6722 6.7414 8.7797 8.2461 11.1456 10.9445 10.0472 9.8727 7.6324 8.1868 11.3657 4.9864 9.6917 10.2825 9.7714 9.3116 12.4107 8.8706 8.5142 8.5679 12.4085 16.7138 9.9873 10.9474 8.0152 12.4104 10.3523 12.6386 7.1356 9.4749 9.1062 9.0035 12.5806 11.7632 11.2829 6.5100 10.4881 9.1758 7.9735 10.1061
10.5468 6.0657 12.1308 9.4159 10.6022 9.3854 10.6414 7.3335 10.5975 7.3462 6.7064 0.0000 12.2972 10.4753 12.4965 9.9110 12.5017 11.4016 6.9266 11.7359 10.7504 8.2829 8.3967 11.0467 8.7739 10.2685 13.7426 8.2545 10.1743 8.1112 11.3449 7.5592 10.4132 8.5399 8.4482 10.7178 8.6549 8.2732 6.6663 10.0393 7.7589 10.7098 9.8907 12.7867 8.2132 9.9401 9.0632 11.1798 10.6320 8.9160 9.4261 15.5273 11.3772 6.5951 11.2036 8.6382 9.1900 13.3632 12.3823 10.3249 7.9537 11.2926 9.3935 7.9450 11.5046 10.4310 10.9490 7.6849 9.7440 10.9223 11.8911 12.0982 7.1734 6.9407 12.1571 9.6530 11.2129 8.1172 11.2345 11.0052 11.1722 14.1667 11.6688 14.1532 8.2632 9.4174 11.3555 10.5853 10.8650 8.7357 12.5376 8.9315 8.2257 12.2313 9.0810 12.4291 13.8963 11.8164 11.4531 9.6510 8.1320 8.8558 11.1620 8.0879 8.2763 11.2448 7.9539 10.2592 7.1024 13.3933 10.2994 9.1908 13.3651 9.3914 10.9203 14.2225 8.9670 9.9888 11.6417 14.2787 10.5437 8.9818 10.9934 10.2206 10.7489 9.7620 11.1409 9.2363 10.0464 10.8982 8.4691 7.7666 8.6434 9.8028 9.7778 12.8799 9.1975 10.5102 10.3622 11.7084 9.1419 8.6256 14.2379 8.2196 10.6678 8.7323 12.4959 12.8402 9.6451 12.7983 8.3597 10.5608 11.4424 9.8107 12.3590 11.3702 8.0829 14.4794 11.0669 12.2705 6.8186 9.6133 12.8207 9.5998 10.2547 10.0538 10.6254 11.4603 10.3007 12.1088 8.5575 8.8137 8.1324 11.3104 9.1069 7.5336 9.6100 7.4622 12.7368 10.2812 9.3540 11.0656 5.8739 8.5782 10.8216 12.6401 7.4609 8.8679 12.4464 12.3758 9.2336 9.0637 7.9435 9.9744 7.8612 9.9988 8.4493 11.2493 11.8269 12.3533
7.6175 9.0305 9.2435 8.4606 7.6185 11.4805 8.8403 11.2553 11.5938 9.3654 9.7917 12.2972 0.0000 12.8214 8.8645 12.8779 10.0706 9.8068 9.7635 12.2499 10.2055 6.6973 10.9246 13.2419 9.5744 7.7307 7.3048 9.6254 8.6533 12.0150 8.7379 11.1257 9.1848 10.8569 8.8456 12.5554 7.2528 11.8730 8.6636 5.9655 6.9008 10.0882 11.8268 10.2150 8.2706 10.8833 8.8501 9.0434 7.7638 10.2146 10.2686 8.4561 8.4669 10.4106 8.7202 8.5033 11.4486 11.7600 11.5158 11.3739 8.9122 11.1763 15.4785 11.3331 4.3979 11.4107 10.4546 8.4434 6.0579 9.2302 12.5857 7.8427 9.1222 4.4414 10.6360 11.3531 8.8239 8.7103 12.1552 13.9329 8.4784 9.8729 9.1159 7.8402 11.7823 9.2665 8.6436 10.1055 9.5859 9.6940 8.3864 11.8890 10.1044 11.7207 8.2162 10.2617 11.6867 9.5292 10.7230 9.7038 9.4888 12.4843 9.2186 8.6951 8.9698 12.1483 8.7621 8.0243 9.5944 8.0465 5.9791 8.5411 9.7289 11.4160 8.7091 8.5374 10.8843 9.2933 10.3586 11.8533 10.8206 10.6242 8.1294 9.2509 8.0510 11.6009 12.2850 8.2163 12.9679 9.8045 6.2291 10.5017 11.8093 9.5502 6.0411 10.1044 6.5830 10.6425 13.7216 8.9432 9.5967 7.2971 11.2316 9.9287 8.9282 8.6265 7.8052 15.8135 15.0371 7.8764 5.7074 8.3370 15.2706 10.8800 9.0379 10.1158 10.6571 9.8811 10.8814 9.6856 10.6536 7.5324 9.4448 10.6381 8.8616 10.8640 11.1256 14.8399 9.8361 11.0278 11.0434 11.3907 11.0518 5.6239 13.0676 10.3524 8.1077 11.3839 9.3120 8.9028 8.2577 8.3014 9.8725 7.7079 8.9924 9.2300 9.0848 10.8086 12.9240 7.7007 10.5480 10.6920 10.6015 9.5312 8.0803 10.7820 9.7926 10.7125 13.2689 8.4510
10.5331 8.9045 10.7851 7.9445 11.7282 14.0521 5.8895 11.7008 8.4911 9.6779 11.2313 10.4753 12.8214 0.0000 7.0323 11.6587 4.0834 14.2856 11.3749 9.2949 8.5789 8.4723 9.8199 14.9251 11.2342 8.6400 8.4117 10.2824 8.9760 8.7100 7.3902 9.1640 10.8502 8.9543 11.0345 7.9703 13.5238 8.1239 12.6174 14.0573 12.1093 12.9055 7.3576 6.7688 12.5576 11.1702 10.8364 7.9104 8.2335 11.2062 10.5622 11.3852 11.6792 11.8370 10.9484 9.8843 8.5467 9.4167 9.9494 9.0656 9.6623 8.7741 15.1534 9.4152 7.7270 7.4922 10.7146 11.3856 14.3006 7.9905 13.7035 8.4480 11.2856 10.6871 14.3602 8.3255 13.4078 8.3974 11.3711 8.4222 9.7248 12.5146 8.7273 11.1901 8.9415 8.9578 8.5086 7.7671 8.9315 9.3043 12.0455 9.7475 11.7724 9.6777 11.5744 8.9426 9.4579 15.9496 9.2632 11.6390 15.5679 9.2648 13.4216 9.9290 10.2882 9.9831 9.3635 10.3847 12.7594 12.3875 10.3732 8.2098 11.0768 7.5452 10.5189 10.7296 8.1831 11.4014 9.5306 8.5605 7.5854 8.9230 7.6238 12.7402 8.3758 12.2180 5.1694 12.5208 7.6371 8.6587 8.2562 10.3473 10.8178 9.4265 13.1352 11.8378 8.0774 9.6372 11.7184 8.4019 12.1951 8.1678 7.4270 6.5185 9.1700 10.1157 11.8758 12.0427 8.1309 12.5755 7.4265 9.9940 8.4410 7.1679 10.0507 7.9755 7.7637 7.3513 8.6105 9.7760 14.3267 8.9852 8.5801 11.6926 6.7271 10.8402 12.1238 13.6743 8.8084 12.8298 11.4317 5.5448 11.4854 10.2487 8.0065 7.7441 9.0046 9.0985 9.0976 10.2075 13.2637 9.4476 9.8435 9.1515 7.7909 7.4869 11.3224 10.5014 10.7878 9.7092 11.1248 12.0671 13.5409 8.8621 11.7277 7.1138 10.7211 8.1803 8.4656 10.1842
10.2386 13.1589 8.7269 10.0529 11.6821 10.2220 10.1406 11.4376 10.8766 6.8242 10.1356 12.4965 8.8645 7.0323 0.0000 14.0070 11.4768 7.7027 11.3459 7.8049 9.7282 11.4979 9.0167 9.1899 6.8254 11.1509 10.4340 9.0351 10.0810 12.2437 10.4075 5.9309 9.4990 8.1183 9.1174 9.2821 12.8165 11.5120 9.2626 10.3212 10.2591 11.2371 11.5140 8.5385 10.3961 8.2819 10.8435 12.6698 11.1837 10.9734 9.4619 14.3272 9.4280 8.9793 11.9001 8.5784 9.1633 7.6856 11.1418 14.0416 10.5395 12.1930 12.9871 7.0514 11.0800 11.2821 10.6312 11.1071 10.7803 11.1312 9.4942 7.0435 8.6264 10.5572 11.8027 8.3870 8.7213 10.2746 10.9077 10.9452 9.9053 11.7936 11.4848 15.3120 9.7979 10.6960 11.9457 10.8937 11.4926 11.7211 9.4599 9.1753 8.6708 9.6490 11.4059 6.8320 10.1470 7.5247 7.0674 10.7814 12.3264 11.2929 12.3997 10.7295 9.4071 9.4875 9.4194 10.2894 8.8870 9.4714 9.9576 12.7071 8.2668 10.3784 12.7099 9.3431 8.7970 9.6323 10.4806 12.7205 10.6869 9.1609 10.0193 11.5756 12.6824 10.5586 11.9505 16.2267 11.4310 10.3133 11.0882 9.4327 6.5719 9.1746 11.6427 10.6479 11.6362 7.8577 8.1770 9.2573 5.9024 4.9385 10.8031 12.7449 10.5532 9.8468 12.9837 9.2155 7.6474 9.7185 8.9909 8.5901 8.5262 13.4667 11.1988 9.5198 8.2502 11.3615 12.8080 6.5166 8.2388 12.3005 14.2063 11.9331 8.3035 11.6888 10.0910 8.4356 6.8961 7.7310 8.8928 8.5176 11.7472 8.7986 10.1615 10.4614 6.8404 11.7287 7.9821 8.2137 11.6695 6.8906 11.6065 9.7363 10.5850 9.5193 11.8717 9.1419 12.7128 10.5727 6.8171 14.8138 10.2746 15.0792 7.9447 11.6874 9.2986 6.9376 7.5777 8.2371
10.8774 12.6593 9.2382 8.0871 7.6222 9.3976 7.8818 8.5004 9.3212 11.0939 8.3013 9.9110 12.8779 11.6587 14.0070 0.0000 10.4037 7.8441 7.7504 7.7507 12.6157 7.5897 13.8222 9.2037 8.0425 8.1957 8.7475 7.9126 7.9680 11.1574 11.6525 10.2361 10.5575 13.0255 11.6827 10.5497 10.0255 8.0640 13.6326 12.6005 8.4183 6.8956 8.2309 10.4184 5.8919 12.3487 12.1135 10.0395 10.3776 9.4465 11.2136 12.5260 12.8349 9.9578 7.3709 9.4667 10.4294 6.4590 12.9189 10.4294 9.2292 9.4923 10.3198 9.0540 10.8549 8.9278 10.2546 9.1566 11.0567 11.4501 12.1241 8.7952 10.6275 10.0821 8.4045 11.9768 11.0327 11.2397 12.1334 11.4296 11.1012 10.2786 10.8966 11.7564 10.0392 6.6006 10.5391 12.7543 11.0956 7.6106 10.4552 10.2264 7.3642 10.0296 10.2538 8.4467 9.7684 13.1768 8.6378 10.8134 8.0166 11.5022 10.4891 11.1106 9.0348 6.4362 10.0280 15.1250 8.7298 9.4699 8.1530 6.9455 9.3380 11.5039 9.0154 9.6873 9.3378 7.9063 13.8690 11.2634 10.3028 11.2965 7.3174 10.8446 11.4806 10.2127 8.3518 11.6912 8.2684 10.2610 6.8326 8.6547 8.1904 13.9647 9.6153 10.1794 10.0863 7.8594 9.8718 9.3680 10.3789 9.9954 10.9247 10.3751 9.3886 8.8007 11.9531 9.7016 12.0047 14.4406 12.0337 11.6392 9.0765 7.6969 9.5141 7.5859 8.1084 7.3758 11.7945 11.2739 7.6257 10.1087 6.6906 11.8494 9.7275 10.4654 5.5069 11.7431 8.4287 10.0125 7.9295 8.9535 8.1804 11.9638 10.6619 8.7202 8.4289 11.4570 8.6286 7.7730 8.4959 9.5755 6.0521 7.9312 10.1485 12.8639 9.9330 8.0376 11.8032 10.1525 9.5316 10.5038 10.1895 10.5137 14.1884 11.8565 9.6828 9.4926 11.9367 12.1045
10.6390 9.6787 8.7137 10.9494 12.2911 9.2482 7.7147 9.0629 11.0265 7.9049 14.0735 12.5017 10.0706 4.0834 11.4768 10.4037 0.0000 9.9283 9.6937 10.8582 8.4985 12.9974 10.7158 11.2964 13.1206 7.9651 7.6690 9.3854 7.8103 7.2219 7.9596 11.3982 10.5889 10.2969 11.2833 5.0927 11.5423 9.1939 10.2578 5.1611 12.5642 7.5094 10.7517 11.6830 12.1067 10.4918 10.0894 8.3017 11.6853 9.6890 7.4626 10.8014 8.1354 11.3016 6.6036 11.8762 11.5720 11.3410 11.0168 11.7931 7.6488 13.2108 7.8462 10.9248 8.0010 11.3918 9.1272 5.4667 8.2550 13.2986 7.7103 10.2318 9.6885 7.8167 9.9375 9.7428 9.4351 10.7795 9.7874 10.3823 9.9079 7.3368 10.2473 9.8679 10.2276 10.6577 7.6916 12.1271 11.6650 8.9971 8.7137 12.0499 10.6255 12.0356 9.6229 8.8314 7.2955 10.1281 10.8961 7.1041 8.7813 9.9908 13.5254 12.0943 7.1693 12.4225 11.4199 9.9727 9.8333 9.7467 10.4415 9.6035 14.8801 9.7595 6.8110 9.8202 7.4421 8.3721 10.1374 8.2180 9.2682 9.4388 12.5188 13.0537 12.1994 10.5151 9.8648 7.2923 8.6761 10.5776 9.4533 9.3217 11.6784 7.9366 12.6315 8.0265 8.7011 9.8844 11.7592 10.7737 9.3319 15.4707 6.1497 8.0950 13.4176 10.8584 7.1251 6.0865 13.4156 6.9702 8.1410 7.7667 11.4542 13.9974 7.8723 9.6248 7.5506 11.3752 14.5061 13.2093 12.1916 5.4048 10.4670 13.5527 11.5334 9.5697 6.3158 10.4217 6.7099 16.0751 6.8073 9.4487 11.8987 8.0855 11.0236 10.1266 9.1642 9.2720 11.2004 11.2173 11.1577 9.7953 8.4311 9.6075 8.7443 7.8342 10.8390 7.1853 11.5291 12.1839 11.8184 7.0471 7.5005 10.2798 9.5584 11.5313 6.3892 9.4579 9.8561 10.6006
10.7750 6.4828 10.3697 5.3889 10.1841 8.2614 10.5502 11.0869 8.6842 11.4480 10.2023 11.4016 9.8068 14.2856 7.7027 7.8441 9.9283 0.0000 8.1022 7.5299 10.1499 11.5859 9.9320 7.9133 12.2244 6.3833 9.1655 13.2597 13.5898 7.7936 9.6301 9.5356 11.3623 10.9142 11.1896 13.8833 9.4165 6.8381 11.6598 9.0270 7.1945 9.6593 9.9143 6.9559 8.2865 13.1372 10.5748 9.2723 11.4382 6.0400 14.3991 10.6244 12.2686 9.3570 10.7835 11.3305 7.4988 13.1492 10.8662 10.0406 9.4545 9.6974 9.2441 8.8101 10.7177 10.7475 12.4990 9.0487 7.0882 7.2018 11.0810 13.2583 9.4481 14.4643 9.7290 13.0817 8.6349 11.5787 13.0203 10.7507 13.5831 10.6868 10.3424 11.8191 10.9978 8.2225 10.0720 9.7057 8.1946 12.7658 10.8553 8.9414 10.6095 8.7036 9.5829 11.4275 9.4610 10.0619 12.0490 9.5263 10.0207 8.9849 12.0311 14.6646 6.7058 11.3536 7.9354 10.1739 9.6725 10.8898 9.2667 9.3062 9.6222 12.0139 9.7452 9.4773 13.5860 12.7010 9.7590 12.2782 11.8428 8.9930 9.6317 7.0893 6.5313 12.8924 8.7646 7.9566 8.9742 12.9106 7.4520 12.8530 11.7247 9.6692 8.2947 10.1413 10.6786 11.9466 12.2735 11.2954 12.6044 11.7065 14.4479 8.8442 11.1954 10.8275 9.0062 8.4600 9.1946 9.7708 7.2183 8.8633 8.4470 12.9270 10.2476 9.2834 9.3765 10.9073 9.4183 6.9824 9.0628 10.3650 9.9676 8.5645 11.1909 12.8223 11.2035 7.0834 11.5623 8.8116 10.8696 11.8120 11.7534 12.8815 5.9075 8.5301 6.5116 10.6986 8.7498 13.8006 11.5063 8.2538 7.5854 9.5390 11.0016 10.6719 7.6488 11.6249 11.3906 10.3213 9.3202 10.7075 7.8430 9.4582 8.0880 14.9340 6.8693 11.8947 12.0746 8.4531
11.4674 8.4083 12.9535 8.3076 8.5905 12.8310 11.6709 10.2633 11.5326 10.9119 12.4448 6.9266 9.7635 11.3749 11.3459 7.7504 9.6937 8.1022 0.0000 10.5068 10.0346 13.7410 10.9533 12.5833 13.8726 12.2146 9.6495 13.9111 10.0520 12.2032 13.5624 11.3024 10.7536 6.6182 11.0676 10.7082 8.6724 11.2957 7.9978 7.9949 10.0142 14.2799 12.0457 10.3616 10.5785 12.1201 10.1702 15.6504 13.7740 13.1060 7.6657 9.9940 12.7653 8.2686 11.8122 11.6127 5.9469 8.5171 9.0347 10.6621 11.9295 8.7896 5.7337 8.2527 9.1500 7.7926 12.3939 9.2182 5.7973 8.7989 11.5575 9.6540 8.9224 12.3959 7.5987 10.0470 13.4058 16.3416 6.7818 7.0537 7.8041 7.6462 7.5441 10.8364 6.4818 7.5854 8.9793 11.4206 10.1876 5.3162 12.9214 8.0451 10.2858 11.1725 9.1656 8.9818 10.5327 12.3996 7.4334 9.5942 9.7797 11.2377 8.8835 6.8825 11.7020 11.5555 10.2464 5.8417 9.0333 10.8051 11.5985 9.7378 11.7385 8.5260 11.9010 9.9196 11.0413 11.4753 11.3002 11.7398 12.4269 11.9952 8.1653 9.9871 8.6356 9.3514 8.3702 5.8679 11.7851 12.0515 10.6115 10.5956 9.5154 10.9951 10.0622 8.2832 10.8886 11.2046 6.7269 10.2111 11.3231 10.6292 9.4136 9.3200 14.4784 8.1626 10.0029 8.9844 9.4374 10.6349 8.5842 11.2544 12.4797 11.8533 10.5712 7.7906 10.6508 10.3653 9.9095 12.1923 7.0228 11.9427 6.1332 8.2859 11.2219 10.1224 9.0350 13.2999 11.3166 11.0032 14.3671 10.0262 13.1225 13.5723 7.8985 9.8669 12.6354 7.9207 11.3853 5.2839 11.7206 10.4103 8.2080 11.3877 11.1073 11.2857 6.3659 13.1707 12.2415 10.3945 9.7711 8.3293 10.4780 11.6169 11.2027 9.3072 9.0482 10.7991 10.1962 9.0361
10.0009 11.2528 10.0917 6.6444 10.0991 11.3704 8.9498 11.0866 8.7041 12.6153 7.7936 11.7359 12.2499 9.2949 7.8049 7.7507 10.8582 7.5299 10.5068 0.0000 10.0690 12.7915 9.5151 10.0615 10.8964 9.2132 8.6415 9.7551 11.2940 12.0533 10.1676 8.5357 13.7110 9.5968 10.4670 12.5283 8.4825 6.8417 6.6861 10.8991 8.0876 12.9735 10.9956 11.1185 10.5686 8.0656 10.1218 8.4326 8.1765 8.6532 9.6724 8.0498 9.0918 9.9042 9.7363 10.5250 8.3937 10.2354 8.9832 10.8147 11.4642 11.6868 8.8946 11.3322 11.8230 10.7362 12.3433 10.7797 9.8464 11.9547 11.9480 10.2839 9.6385 5.5910 11.6276 10.4916 10.0606 13.6466 12.7537 10.4583 10.1706 10.4611 8.3710 9.3402 6.6216 9.8132 7.6750 8.2605 9.3880 11.5517 8.2383 10.0347 9.6838 10.0360 13.8992 11.7678 16.1106 10.1804 7.9615 11.0438 13.2227 9.5441 9.5132 10.3129 7.8185 7.2380 10.9837 11.6018 10.5223 8.4533 6.9330 11.1239 10.7451 11.1877 8.4741 10.8939 12.2274 9.7598 10.9982 9.9152 8.9016 7.1143 10.4773 10.4673 8.7708 12.1292 8.7230 10.2362 9.4117 10.0491 7.6222 12.1900 7.5058 4.5155 9.7983 8.2194 14.7208 8.3883 7.4283 7.9648 13.6045 10.3100 6.3518 11.6367 8.9281 8.3434 13.3036 12.1383 10.1303 6.5896 10.9659 9.1428 8.2434 12.1021 13.0008 13.6094 13.1200 8.0118 9.9819 7.0196 10.2655 11.2722 9.1495 9.9970 7.6247 11.5885 8.4082 12.8379 10.2334 9.8791 10.0506 9.0012 9.5394 11.3188 8.8830 8.8774 12.2604 8.0197 13.5378 12.0190 14.4108 11.7768 8.6383 8.1203 10.5243 7.9359 9.9144 10.9346 8.6740 11.3114 7.6028 13.4249 9.2592 10.7485 9.9253 10.6428 10.5179 8.4669 13.0322 9.7662
9.7589 9.5808 11.4892 10.5505 7.3562 14.0255 7.2528 11.6207 11.8204 9.6933 11.6470 10.7504 10.2055 8.5789 9.7282 12.6157 8.4985 10.1499 10.0346 10.0690 0.0000 11.4864 5.4315 10.5366 10.6513 6.7808 11.9861 7.6416 10.9153 8.0408 10.0206 7.9911 10.2409 9.9202 8.6454 11.5447 10.5013 12.9964 9.0198 8.2550 11.5618 9.2325 11.2025 11.0176 10.6092 8.9666 8.4290 11.5833 10.6565 13.1618 9.7162 8.3677 8.6562 9.0503 6.7121 12.0006 9.5731 9.3463 9.9033 9.9854 11.6759 14.1955 10.3996 9.5155 8.7000 10.7535 10.5332 7.1903 10.3016 8.5275 7.9046 11.4219 8.8363 7.1829 8.6866 11.3797 9.6552 7.7835 9.1694 9.4299 6.9349 8.6538 15.4715 9.5210 9.2534 11.8737 11.2474 9.5020 9.4033 5.2028 10.6304 6.6543 10.9532 10.9220 13.2733 11.6945 8.1599 10.2624 9.4032 10.6994 11.1248 8.8681 8.6908 9.6532 9.9373 5.3402 10.1510 8.1928 10.1111 12.3613 9.4351 9.8793 12.1531 11.4854 9.3111 6.7828 9.4258 8.1981 12.0457 9.9005 12.2298 6.2451 12.2191 9.5594 9.0659 6.4320 7.5772 10.7819 9.6386 11.9186 8.4643 12.1708 8.9673 9.6536 10.3198 12.1285 7.5697 8.8995 11.6133 7.2686 10.2389 8.5133 10.6089 9.8641 12.3084 9.8726 11.5591 12.2410 14.1322 13.6845 10.5264 8.8249 8.8840 8.6294 14.2017 6.0486 7.8948 12.4071 8.8864 10.7595 8.1814 8.7993 7.8736 5.0400 7.9503 8.1705 11.3497 13.7765 9.3325 13.1940 6.0708 11.9045 11.1175 7.7712 10.9815 11.2029 8.2849 15.9714 10.0265 8.6068 11.0128 11.2323 11.7684 8.6724 9.4616 11.6576 8.8155 13.5899 10.5076 10.4776 9.3491 12.3984 10.3274 8.8260 8.7651 14.9538 8.5232 7.3055 11.4692 8.8177
9.5665 10.3534 8.7007 12.6103 9.8841 8.4555 10.9986 12.8118 10.3878 10.3163 9.3731 8.2829 6.6973 8.4723 11.4979 7.5897 12.9974 11.5859 13.7410 12.7915 11.4864 0.0000 8.7782 9.2235 10.5516 13.1975 6.5554 8.4956 9.9867 7.9703 12.4469 8.9549 14.4126 11.4673 12.3018 9.7028 9.2382 8.7292 8.9250 7.8682 12.9593 10.8925 9.1289 12.8781 7.1321 7.3290 8.7973 9.3414 9.2736 8.0617 13.1056 12.4749 11.6206 9.1425 10.7047 10.2325 9.4012 11.4729 9.6405 11.1507 9.9713 8.1930 7.5479 8.6488 12.3889 11.6978 8.4097 11.9504 14.6825 11.5132 6.5891 11.9448 13.3659 9.8979 10.1292 9.0500 11.3988 10.4690 12.3002 14.5666 10.8239 13.0666 8.8595 9.9138 10.0986 10.6065 12.0916 11.1725 8.9784 10.9951 11.4825 9.9510 10.8613 7.0196 6.7180 6.9427 10.2587 12.5382 7.0302 12.6273 10.3168 14.2196 12.7784 12.1612 12.2655 11.5384 6.7514 8.4831 11.8071 9.1810 9.8359 8.9025 9.3313 12.3012 10.4061 10.0118 11.9323 3.7381 12.9891 10.7888 11.6126 6.8879 9.3568 12.3303 8.0612 9.5016 9.6472 8.1111 10.8565 9.2530 8.4354 10.6215 8.7718 10.6335 11.7743 9.4806 11.6416 10.3737 9.0447 8.9510 10.7057 9.9209 12.0403 9.2394 10.6267 7.2087 11.6848 10.7125 6.8853 9.1309 8.8331 8.7157 7.2392 11.5769 9.2073 9.4440 14.6554 13.7280 9.9319 6.6679 10.7893 12.5103 12.3616 10.3292 8.6445 7.7715 10.2457 7.6127 16.4523 4.6298 7.4282 6.3908 12.8527 11.4778 9.1938 11.8693 11.4821 12.5429 11.5408 9.0821 11.7934 11.4907 9.5611 8.3873 8.1938 8.8324 7.5800 8.4464 11.6712 7.0247 11.3513 10.1090 7.7949 10.1541 4.1046 8.6974 8.8972 10.3028 9.3699 11.2914
8.6186 9.1788 10.7727 8.8945 11.8445 10.3881 12.1484 8.5886 10.7350 12.2478 9.2645 8.3967 10.9246 9.8199 9.0167 13.8222 10.7158 9.9320 10.9533 9.5151 5.4315 8.7782 0.0000 6.2682 10.9855 11.2541 12.0207 13.0368 11.6882 9.2558 9.6615 9.9867 11.4190 12.5237 8.9544 7.1654 11.7149 12.1200 12.0779 8.5583 9.9583 13.6423 7.1530 8.0293 13.8930 8.4048 9.4022 10.4308 11.3634 10.7468 11.3940 10.2407 7.0658 9.2836 9.7385 10.9544 13.4043 7.1593 10.1718 9.0444 10.8559 11.1688 9.1334 8.6775 4.1920 9.0735 12.8188 9.8063 7.3193 8.1916 7.0423 9.1647 11.0464 11.2087 10.6983 12.6812 8.3504 10.6279 9.1179 9.9212 12.0865 9.9377 11.1441 8.4037 11.4118 9.3385 13.7325 8.9355 13.5166 11.0518 11.1888 10.9659 10.3027 5.0391 10.5610 4.2304 12.9361 10.8486 8.9459 12.4441 10.1126 9.9384 12.7309 8.5631 9.3688 12.2713 9.4228 9.5015 10.1724 9.6330 7.7354 6.0891 11.2465 10.1302 7.9435 9.7986 14.9223 4.9981 8.1580 8.0802 11.5082 11.0753 9.6702 10.0088 11.0149 11.2157 5.8978 7.2933 10.8029 10.5161 8.0300 11.8827 11.1721 11.4958 13.0238 7.5563 8.4811 11.9475 5.1899 9.1259 11.8789 9.0793 12.5012 9.1230 12.1457 9.1507 12.2264 8.5274 9.2590 8.6614 11.8895 11.2462 9.9601 11.5638 11.3967 8.3080 9.5818 7.6806 9.4089 6.9550 11.6147 8.9597 13.1154 5.9240 8.7712 8.6580 11.6563 7.8516 9.8525 11.9484 7.8905 10.6735 9.9897 9.1875 7.3888 7.5447 6.5477 7.3737 6.6591 12.8622 5.7823 7.5207 10.7686 7.3256 14.0996 11.5658 9.2862 11.0659 12.7198 10.1724 8.6198 12.8319 12.7979 9.5451 10.4136 11.3618 8.8597 11.3166 10.5893 9.2013
9.1319 9.7529 9.3637 9.9322 9.9935 8.1126 8.4084 9.3935 10.4137 9.3843 5.4953 11.0467 13.2419 14.9251 9.1899 9.2037 11.2964 7.9133 12.5833 10.0615 10.5366 9.2235 6.2682 0.0000 8.6849 12.3698 9.8896 9.9967 9.4991 10.9975 5.9372 10.2358 12.5964 13.5695 12.6534 13.7429 7.6298 10.4992 7.6480 9.9816 7.1339 9.9337 8.8780 9.0930 8.6445 7.4013 11.8988 9.0600 11.5110 12.1645 12.3947 9.6733 9.9121 7.1902 9.9581 12.5566 8.5368 11.1978 8.8323 8.8035 11.7396 11.1787 9.0396 8.0788 8.5047 10.5753 12.4654 13.4515 10.6919 10.6202 13.4256 8.2652 14.5386 8.7376 10.2567 8.9771 10.5243 12.2198 6.9408 10.9816 11.4424 13.9288 9.9627 10.4608 9.6372 11.2072 10.3374 12.1308 7.5794 14.5244 10.1774 8.1200 12.3779 10.3108 7.9924 8.4746 9.5007 10.6285 11.0348 14.3467 10.3637 9.0197 9.9675 12.3189 10.8816 10.9165 8.8728 9.4498 7.0363 10.4077 10.4313 8.1852 8.7832 5.9827 7.7409 10.3901 7.5645 12.9173 13.0556 8.5777 12.0583 14.3041 7.1886 12.5762 12.4229 11.8889 7.7458 10.6804 8.7639 11.2533 8.5684 9.8207 8.1509 11.9502 6.8957 7.6993 9.2808 11.2799 6.5118 11.9094 9.9417 7.3276 10.7375 11.0157 11.1038 8.9358 6.4456 9.0646 13.0725 12.0292 11.8601 9.3446 7.2608 8.3654 9.9001 12.2941 11.9109 10.7009 8.8396 8.0229 8.5390 14.0734 11.0836 10.0508 8.8684 9.9371 8.7994 5.6794 10.3500 11.1981 8.7196 8.1733 10.5348 8.1911 11.8796 10.1910 10.7431 10.5796 9.5091 12.2351 7.1223 8.5909 10.1324 10.2487 10.7396 11.1125 7.3797 10.6843 8.6573 7.6022 10.3409 9.5014 12.0462 10.7307 8.7365 14.2768 9.7266 9.1734 10.2018 10.6531
13.3275 7.8411 11.5076 11.3399 9.5582 12.9770 9.3317 11.1234 13.6840 13.9748 9.8701 8.7739 9.5744 11.2342 6.8254 8.0425 13.1206 12.2244 13.8726 10.8964 10.6513 10.5516 10.9855 8.6849 0.0000 10.1730 5.7597 10.4409 9.8635 11.0050 14.1096 8.0622 3.8462 10.8391 12.2216 8.6964 7.8698 9.4818 10.9517 7.9145 11.6689 11.1223 8.2138 12.5897 9.7742 11.9488 9.1718 8.7006 11.7566 10.9477 6.3979 6.5352 10.7160 8.8084 6.5968 6.6519 9.4417 9.6124 11.9868 5.4033 11.0870 11.8705 12.3532 10.5362 11.4456 6.2052 16.0328 9.4464 9.6125 8.6150 10.0867 9.2110 10.2092 12.0612 14.4739 11.8817 12.6588 8.2872 8.4791 6.0721 8.3520 8.1650 12.2386 12.3591 12.9213 9.6921 6.1912 13.6437 9.3715 8.4336 12.5734 10.7307 13.3237 7.6577 10.2179 9.4943 10.5535 11.0568 10.5330 13.6780 11.2080 9.2265 8.6966 9.4018 9.0272 10.4241 12.5188 9.9950 10.7490 12.0988 7.2137 9.3030 10.5909 7.3932 8.0435 6.3335 10.2646 9.0264 10.5677 9.7514 10.7669 11.5354 9.3005 8.8980 10.7559 9.2436 8.4502 10.2983 9.4873 8.1929 7.4077 11.2102 7.9157 9.1206 11.6733 10.8890 11.3066 9.4697 9.4959 8.3601 12.6454 11.3050 6.7192 11.4128 8.9787 9.5156 11.0581 6.3814 9.2844 6.5674 11.9504 8.6132 7.1547 9.4773 7.2272 6.8600 10.3501 11.4716 9.0952 10.9463 8.7176 8.7999 8.2019 10.0899 10.8234 10.1642 9.7338 11.0412 13.6025 11.4690 9.4008 12.5961 9.9676 10.4221 8.7980 11.6000 9.4253 7.7981 10.2422 13.1935 10.7048 10.0631 8.8982 9.0928 12.3563 8.7736 9.2193 11.3995 10.6252 10.0283 10.5763 10.7546 6.4131 11.3237 9.8142 9.2428 11.0621 8.8337 7.9454 10.9882
6.3848 7.9336 8.2279 10.3503 10.4444 10.7359 11.1616 7.8357 11.3722 9.3182 9.4483 10.2685 7.7307 8.6400 11.1509 8.1957 7.9651 6.3833 12.2146 9.2132 6.7808 13.1975 11.2541 12.3698 10.1730 0.0000 9.5032 10.6309 9.2293 7.6804 11.0218 6.7001 9.6443 12.1536 13.9294 14.2713 5.8784 10.3852 9.9250 10.8600 11.1127 11.2354 10.4367 9.7026 9.8994 12.9613 8.8628 11.2699 12.6235 9.0102 10.1063 10.9245 8.8750 8.6225 8.9382 11.5377 10.7857 13.6014 6.2785 11.2663 10.2800 12.9445 7.1688 8.0714 8.7624 11.4744 13.0530 10.4761 12.5493 12.5730 8.4293 6.6739 10.8387 11.6912 9.3645 11.5857 8.0021 12.4900 13.9951 10.0916 8.0784 8.6351 7.0098 9.5281 11.7779 8.4126 6.8603 11.3750 11.1627 11.2297 9.0358 11.8762 7.0688 11.6575 9.9143 7.3483 12.0668 10.1068 8.9831 8.6334 9.4337 10.3728 10.2897 8.4128 9.4203 8.6252 13.6227 10.2397 9.2976 10.3186 13.5668 9.9882 10.9104 7.8254 11.4335 8.4437 8.8574 10.5166 6.8846 10.0912 10.3944 9.6091 8.3046 12.2800 8.3145 7.3025 9.8737 10.5007 11.2116 9.8950 7.3049 11.7858 9.6401 10.7779 10.3572 9.9936 8.8167 8.5455 8.4909 7.6677 10.0868 10.3246 8.8804 12.2652 10.0323 10.3506 11.2777 6.0591 12.9638 8.9178 9.7007 11.3373 12.0428 11.6418 9.6584 8.0531 9.0970 7.9868 8.8822 9.4052 10.1763 7.4746 10.2401 8.6788 9.9830 9.4138 10.3757 9.2635 7.5567 9.8231 11.4956 11.3541 10.7624 10.3309 9.7286 8.5591 10.1972 13.0944 10.7736 9.6818 10.0500 8.4545 8.1177 9.4491 10.0832 11.2045 12.1183 8.4318 10.9070 8.6548 9.8273 10.9391 12.9398 11.6742 10.6450 8.5580 9.3561 10.6158 11.2957 8.2821
