200
0.0000 24.3186 32.5003 26.9824 24.6242 35.6708 30.7628 33.3067 36.0301 34.5174 30.5956 33.7953 30.4708 31.0734 35.1109 31.7092 40.6108 31.2182 29.5723 30.4686 26.8720 29.1101 30.5892 28.8186 34.8156 36.8372 34.7379 29.9467 31.1396 24.3651 47.2775 29.6559 37.2071 32.5453 31.9395 38.0912 44.6711 29.8649 32.6797 28.3219 29.9237 23.3622 39.6345 34.9935 43.1433 30.3860 39.6001 38.2614 40.4647 44.1811 27.4226 35.6633 31.5956 32.7138 27.0864 22.1964 26.0751 30.0205 39.1578 23.9788 29.0939 23.2806 35.5307 34.8251 30.9562 41.8694 32.9783 29.4127 32.8029 30.9844 33.4764 30.7120 35.0883 35.8652 39.0467 32.2317 35.4424 37.8734 37.9532 36.5701 35.8366 34.1309 30.3562 32.2681 37.7267 30.0957 30.5298 31.8452 31.1807 42.4897 33.5400 32.9107 40.8438 39.6210 32.7198 25.3274 24.1766 37.2957 28.7767 36.0773 44.2578 41.7712 26.1800 41.7998 26.6607 48.0400 31.8389 25.5057 29.9830 36.4340 26.8461 32.3116 26.5793 36.7287 36.8939 49.8142 35.0133 24.5036 27.3023 38.2097 32.0565 40.0670 44.7640 36.9071 35.1496 34.6854 37.7104 41.9720 29.4041 31.2521 35.9713 34.9362 36.7013 41.6133 38.4687 31.4773 35.1481 27.2557 34.0737 34.9637 45.3917 29.3208 32.9761 29.0348 33.4053 32.5289 25.9852 42.9005 38.6132 32.7541 40.6264 25.7567 40.3962 24.7071 39.7970 33.3854 30.1173 38.3063 38.6843 42.5042 47.9163 30.1595 40.3829 29.6566 32.7531 21.6049 25.7326 41.8990 27.4159 34.1063 38.0727 39.9375 39.3038 32.8735 27.9325 37.6722 25.8763 36.3821 34.1718 29.6460 39.5448 31.0961 30.3321 31.2043 34.6965 35.2499 24.7970 33.2939 27.2587 31.9186 32.2372 30.0313 24.0142 28.3037 19.3086 35.9166 31.4706 30.8604 38.6664 33.0012
24.3186 0.0000 35.2696 32.1399 27.9346 37.3131 33.0865 27.0224 31.7044 30.8698 32.9603 30.0672 27.0742 31.6714 32.4080 29.1750 28.1917 43.3946 34.4688 35.7113 37.7480 28.3452 44.3719 39.4690 34.7822 32.3745 30.2057 39.3135 28.8215 34.2730 35.5343 35.8714 31.7971 29.1056 39.3837 40.9727 26.8037 29.5247 36.6450 35.1617 25.0809 30.7124 23.1485 34.0195 35.6338 39.1258 27.4769 30.9512 31.3372 32.6820 23.4747 23.7675 31.8343 40.8574 29.8349 34.7567 34.3535 29.6982 32.4732 31.1638 29.8555 29.7967 34.1622 38.1716 25.7263 34.9593 28.7850 33.8388 33.7074 30.1027 39.3121 28.3790 32.8486 32.9524 31.2027 31.3111 28.1757 42.3940 34.1197 33.5685 28.4852 36.8155 27.7175 39.0779 37.7046 28.9433 22.3615 33.3373 24.6336 18.8774 28.5577 28.3155 38.9468 28.7163 30.3524 27.4251 31.9066 39.7177 31.6865 33.2648 34.3634 25.6631 30.9903 43.6030 34.1519 33.1814 24.4900 41.4664 32.1195 25.6249 41.1688 17.5592 33.5179 34.5793 19.4612 32.8907 26.5104 29.6656 17.5206 33.0466 37.0951 18.8737 27.4475 25.7934 36.0318 46.2566 35.8662 23.1507 24.6935 27.4108 35.5862 32.2046 29.6628 29.3739 40.4281 35.6258 29.5932 38.9187 25.3595 31.5785 29.6277 29.9615 40.7256 31.7627 25.6485 32.6781 34.1683 38.4026 33.4358 36.8576 43.6001 34.8697 33.9891 28.2960 36.8628 40.8543 25.2185 36.6905 34.8922 41.5749 31.3113 30.9076 39.6737 26.5241 26.9593 22.9334 31.2348 38.8928 30.8124 32.3277 39.0131 40.6154 28.9403 29.8974 27.7104 39.9924 33.1399 29.1400 21.1704 36.3228 32.5264 36.9539 30.0744 35.1061 33.7510 36.4028 36.3058 30.9716 21.7284 26.0204 34.0496 34.8415 29.7555 23.1429 36.8244 27.9360 41.2727 34.7469 34.3708 26.9820
32.5003 35.2696 0.0000 22.7862 26.4263 37.5970 30.6503 33.2842 42.0042 39.9602 30.1202 36.1080 33.0205 24.9058 36.1791 31.5534 37.0957 31.2467 35.2963 24.5401 33.3746 27.6871 33.5107 14.9836 32.7030 33.0353 35.5994 37.7318 42.1470 34.9568 31.7419 37.6459 34.2888 28.1413 31.5436 29.4889 28.3473 28.5073 35.8092 35.3287 32.2513 36.7289 34.2062 27.2011 30.9596 36.7000 32.1156 32.7456 33.8091 39.0032 30.7683 32.0357 38.6336 37.8321 30.9946 39.7754 25.2757 32.3158 31.7343 21.8907 30.4262 32.8950 35.0504 38.1173 39.8812 32.7410 41.4799 23.6094 32.2852 45.5182 33.2249 37.8348 26.8046 35.2194 27.6392 29.8832 29.3371 29.8528 33.6273 28.0532 33.0894 42.3319 32.3749 33.6917 36.3020 27.6848 30.5057 32.2980 27.9481 39.6370 34.9681 33.3448 38.4254 36.6706 36.0152 25.7857 34.8742 37.9623 39.0045 39.5805 38.3727 38.4163 35.1464 34.6501 40.9351 23.7621 23.8507 38.2332 29.2966 31.1798 33.8605 38.9634 32.8493 31.4866 28.9107 41.2148 39.9568 42.3923 30.3922 28.3065 33.4921 31.8518 33.6818 34.7477 38.2006 26.1181 31.1993 44.0526 31.9426 36.8706 41.0399 30.7313 32.3186 26.0075 39.7247 29.9402 29.0391 35.4905 36.0793 24.6208 30.4655 32.2958 26.0232 35.9399 31.1307 35.6384 32.5713 26.4218 38.4403 37.4472 32.6022 33.7983 38.2281 31.4686 36.5899 32.3868 33.2179 34.5092 30.6500 37.3021 25.3300 35.2671 32.9636 43.5759 29.8353 23.8771 31.2943 38.5066 32.5636 27.8662 36.0341 31.5984 31.9276 38.2701 22.6368 38.8842 34.5680 25.1917 37.7747 30.6523 32.8430 32.6785 30.0933 26.6396 33.3171 35.6773 31.6421 35.9693 23.8246 27.9952 24.1143 33.3817 30.5556 39.9329 31.6949 40.4376 35.4207 30.7872 38.9227 31.0549
26.9824 32.1399 22.7862 0.0000 41.4654 34.5082 29.0908 26.4800 22.6787 33.6687 35.1126 31.7095 23.7410 30.3791 45.6442 34.5566 35.3358 40.5555 35.7660 32.5188 34.0796 27.1177 30.6619 30.3726 37.9610 30.8264 38.1914 34.0893 23.1081 40.0585 37.9681 18.9793 25.4202 31.2565 40.5653 30.3043 35.5176 25.2198 32.0434 23.1265 31.1798 30.3490 24.4957 31.1824 33.5798 26.1921 25.8861 27.6704 36.3366 38.4776 31.2261 34.2253 39.3191 27.2526 45.5309 45.4582 31.1947 30.4376 26.6982 43.7241 39.8723 30.9424 30.5892 34.9193 29.1681 30.4309 32.5203 31.1189 41.1841 38.4468 31.3466 31.2154 33.5963 40.7428 29.4525 43.8551 28.9871 38.3053 37.9661 32.4777 33.8668 26.3495 30.9371 28.8500 30.9462 32.9673 43.0587 38.0826 32.6714 34.6317 29.1277 30.1762 31.1970 36.2155 36.7914 25.2998 31.9890 30.6927 31.5566 31.7454 38.2805 25.7230 30.2887 38.4975 35.3025 37.5746 32.0374 39.7275 32.4842 31.5233 36.5785 20.1167 36.9735 26.8085 31.6593 27.1663 29.9770 37.4064 33.3760 25.4734 35.2614 33.2511 27.6155 32.4567 37.0762 31.4401 27.4008 28.0849 34.8059 38.8585 32.7435 39.5845 35.6304 35.8669 30.9471 33.8083 35.7716 33.9265 32.8701 25.3382 28.5124 32.2148 28.8991 31.6708 33.4409 35.6500 28.6758 35.8700 33.1419 24.2566 32.1275 33.1299 44.4570 32.7046 27.7812 34.0902 37.5633 21.1340 32.5177 29.2859 23.0445 38.4303 36.0209 38.5589 31.7809 33.1407 34.5255 36.2056 31.3218 27.7963 41.6731 33.8895 36.4822 27.3869 28.9485 31.5679 41.8007 36.3978 27.1353 27.1569 37.3090 29.4916 37.1741 21.2464 35.0528 38.7805 26.1532 26.7813 39.1945 38.8343 35.5277 26.8250 25.7577 38.6156 37.2896 31.3412 28.9186 28.3204 37.5883 35.8277
24.6242 27.9346 26.4263 41.4654 0.0000 38.8629 28.7201 28.3803 21.7758 28.7214 39.5026 22.5043 47.1768 31.2712 28.0609 42.1843 23.8997 31.1926 36.0219 33.8357 33.2787 32.5985 37.1061 42.7134 39.4762 26.4592 35.4369 44.7265 35.6988 37.6903 25.6376 26.2466 33.0493 41.3491 19.5867 33.8956 44.7191 27.4320 29.8096 31.0074 33.8850 21.2560 29.0399 31.8207 40.5985 28.1117 25.2674 39.3337 35.5257 33.2528 31.0026 36.6446 25.7527 35.3364 33.3284 41.8685 34.0145 31.7546 35.8589 34.6213 38.3276 28.1892 35.8438 32.5094 40.4879 27.5350 31.5905 39.2568 17.2797 32.0544 27.6642 31.0450 39.8664 26.6202 36.1026 40.1315 32.7951 37.3447 20.0269 31.3022 31.1124 31.3939 33.2649 26.7575 34.5168 36.2425 35.7530 28.5204 41.7376 21.8762 26.1732 39.4927 23.3588 27.8237 42.2755 25.2218 27.8222 35.0032 41.4456 27.7909 32.8400 27.6752 29.9688 32.6873 26.0082 22.1430 39.8322 41.9141 28.5676 24.1376 25.1413 38.3024 33.5188 28.5685 26.2164 33.9922 27.7555 32.7678 27.0250 36.9265 28.6331 39.5647 30.0083 35.8591 33.2918 34.4441 33.2771 29.7146 32.1243 40.1667 39.9970 33.9845 36.0661 33.9517 30.1836 19.3778 32.2150 32.1964 34.3428 29.1904 32.6129 30.4697 26.8054 28.3488 25.2262 42.8359 38.1987 44.9001 37.7525 42.2167 45.2080 28.5109 40.7375 38.3866 26.4210 30.4619 31.9063 42.2251 31.6507 40.9614 32.6941 25.3898 25.3173 36.3290 35.9151 37.6527 34.4838 28.6056 38.8715 39.1052 35.1136 28.2591 35.5556 25.0264 34.9045 32.5058 28.4195 36.5776 39.2611 33.4148 44.4587 30.0904 33.2832 25.6657 28.3779 33.7910 32.7477 39.5819 38.9836 29.5479 15.3288 27.0660 28.3414 17.6437 38.5540 29.1111 39.7860 21.2764 27.4865 37.1074
35.6708 37.3131 37.5970 34.5082 38.8629 0.0000 32.5391 26.6466 27.8354 32.5463 36.1452 31.8397 30.8356 36.2166 36.0260 28.7579 28.7910 30.9921 39.0411 28.2170 33.8080 33.3206 24.1656 41.0476 28.1151 30.0219 22.4349 27.8998 32.3329 34.9348 30.4820 30.0986 33.3108 30.5604 27.8249 34.5174 30.0822 29.3681 33.1216 30.7048 35.9383 28.9899 32.2847 28.3010 37.7499 38.0541 42.9252 30.5728 26.6719 29.3218 25.7319 25.6583 29.2759 37.5781 35.8310 27.0121 31.3620 44.7294 31.7685 24.1472 29.7136 24.3389 33.9611 45.9357 40.0473 31.9118 29.8827 33.1961 35.6572 37.4217 28.2751 28.0887 42.8032 35.2103 31.9053 34.1235 35.3087 33.5805 38.3626 35.8717 34.4208 50.4187 35.5686 22.6682 20.4242 32.4280 32.0029 29.2619 22.9563 28.3657 33.4537 39.9975 24.4042 30.6660 31.9173 32.7879 29.2920 33.8757 28.3501 34.2704 31.4899 39.5405 28.7435 26.3576 34.3450 33.8215 24.1050 26.8089 32.8748 39.4689 27.8586 31.8700 34.8429 30.6543 29.6109 27.5341 38.9219 33.7349 34.8374 24.2449 43.3839 36.2159 44.0389 41.2486 33.3283 42.7606 19.7002 21.0041 32.0653 30.3127 39.4136 20.4146 38.3292 31.9778 38.2679 34.0081 29.7575 36.1483 29.4588 37.1761 33.0289 36.3470 31.6129 32.7805 24.3142 36.0757 28.7328 35.6760 28.9259 35.9725 30.1493 29.5630 29.5311 40.2445 31.5088 43.1773 26.4481 35.2773 40.9585 37.8667 25.5607 36.2749 27.0203 30.6187 38.9637 34.1481 39.2876 23.1705 50.2920 39.8070 30.0161 31.3886 33.0258 34.0138 34.0571 32.3213 43.8670 37.8508 38.1676 37.7023 21.5302 33.0201 33.4687 33.0498 37.0898 29.2591 33.3721 41.0553 45.4386 36.0824 30.5735 33.6310 26.9548 37.0520 37.2658 21.9652 32.0311 45.1160 30.2700 33.7499
30.7628 33.0865 30.6503 29.0908 28.7201 32.5391 0.0000 31.1818 38.5986 35.3143 34.3254 41.2025 34.2564 37.9658 30.5018 33.6508 30.9562 30.7340 27.7800 36.0538 26.5482 44.2845 25.1710 32.0236 32.8252 34.7244 33.2220 37.1313 39.0002 22.1916 32.0672 48.2182 38.4576 23.7550 32.5470 29.5199 37.4213 28.7252 36.7322 37.0198 27.5749 31.8848 34.3022 31.6225 16.4178 37.9077 46.4174 26.6334 35.5021 29.6582 31.4816 31.1730 27.7404 43.0273 36.9892 41.3389 21.3224 15.1465 28.4239 32.8272 28.7150 30.8264 26.7221 34.8516 33.8708 29.3826 31.6174 28.5221 36.0208 36.8010 36.5617 30.5764 32.6584 38.8543 37.1910 38.5561 29.9206 29.8447 36.8865 41.3728 41.4580 36.7539 31.8272 29.0871 31.3377 40.2547 28.4664 32.1060 36.6664 24.1242 29.3467 33.1714 36.6965 37.6858 34.7088 32.1328 37.3321 38.9088 33.5205 41.4733 38.5765 37.3490 41.8603 36.2378 34.5405 21.5954 43.4679 24.8917 30.6073 43.3510 27.9205 34.6604 26.3254 34.4953 42.6458 32.4341 37.1542 32.1175 35.7249 36.1601 38.8587 40.4049 33.6403 30.5652 38.1230 34.6033 42.4600 27.7012 30.2569 32.7996 36.9336 34.6054 30.1076 33.7232 23.7902 36.6329 46.5764 35.8028 27.2347 28.0625 35.4365 32.7968 38.6249 19.6709 42.8634 33.7848 35.3256 28.2967 33.5004 40.2732 25.0734 34.4545 31.3962 31.7587 32.8119 33.4403 42.9758 38.1842 34.4696 36.3345 32.7253 35.2435 31.9643 30.8004 33.2611 44.4264 27.7059 38.2022 26.4680 33.9882 34.0740 37.3826 34.4626 42.7552 36.1483 36.7380 36.6640 33.0988 38.1559 28.4902 26.6066 31.8100 41.4131 28.6211 28.6066 22.2816 36.4525 29.1015 36.7831 38.2307 32.7524 43.0889 29.6168 38.0570 34.8756 35.5406 40.3785 30.0580 37.0439 30.3114
33.3067 27.0224 33.2842 26.4800 28.3803 26.6466 31.1818 0.0000 25.8356 43.6484 35.0943 27.3795 23.3329 36.9552 30.2537 37.9435 36.8792 32.1039 22.5720 24.9053 36.2076 28.4230 29.9843 32.3355 34.7578 26.2180 27.2414 27.7884 29.8307 45.2200 29.9958 42.7565 36.4724 31.7836 39.3139 33.5694 37.5616 29.5260 28.7408 28.9092 14.5011 36.0350 49.4027 37.9418 28.3375 32.6650 35.0551 46.6004 32.6641 41.1978 39.0243 30.5881 40.5691 30.7196 23.5061 47.2052 33.1511 33.8410 35.0450 37.1861 30.8475 42.2179 37.3527 32.9150 36.3806 36.6580 39.4800 32.8909 29.9101 37.8463 33.5726 29.1719 43.0761 28.9655 39.8633 35.1677 25.0274 46.2100 35.8916 32.7476 37.0886 36.5546 32.9311 29.1966 47.0993 24.9761 32.9882 31.1763 32.1215 24.6142 36.9445 39.9799 29.5149 32.7250 36.8204 32.3147 29.6633 30.9343 37.8763 32.0892 27.2435 30.1312 38.7214 37.3616 38.2578 23.2530 37.7992 30.3161 32.6113 38.3998 36.0378 37.2337 38.5953 38.1243 24.1135 33.7080 29.5853 36.9504 30.7566 29.1617 35.7833 15.2952 31.9655 26.8858 25.0211 25.5024 36.2444 33.1904 40.1684 25.8555 31.7690 26.9664 42.7942 34.3717 38.7094 30.2521 25.6483 40.2045 38.2703 23.9458 32.4848 28.3007 36.0682 41.4992 30.0048 32.2488 28.9669 20.9548 33.0188 31.2229 34.6448 26.7174 29.5905 29.5538 28.3340 24.0364 35.4504 37.5539 29.2682 29.5265 25.2290 39.9888 28.6926 45.5157 33.4529 29.6000 34.2739 24.1590 30.9136 27.9185 32.3155 34.2630 26.2412 35.0274 23.7395 30.7908 31.3322 30.6878 31.5353 32.3325 30.1839 45.4230 43.8613 35.3850 31.6390 38.6278 28.2449 34.0244 28.7672 45.7035 32.4932 31.4997 38.1970 33.8947 37.7468 37.8742 35.7643 34.0006 27.5534 35.5123
36.0301 31.7044 42.0042 22.6787 21.7758 27.8354 38.5986 25.8356 0.0000 30.2421 37.5061 39.6152 35.0843 29.3142 36.1652 36.7579 30.8903 32.7546 36.4421 36.5412 30.5302 41.2921 38.1193 38.6392 30.0488 26.6162 22.5258 37.1666 37.6648 25.4897 39.1482 34.7670 27.1068 39.8779 25.7040 26.2406 35.4862 43.7194 31.8539 28.4879 36.8363 26.3469 30.0096 36.6214 40.0898 37.8184 29.6594 32.6641 27.6960 28.6130 29.2302 34.6967 27.3236 23.8950 38.3105 37.9358 29.4173 28.2161 29.4461 32.7988 44.2929 31.2353 35.9567 35.1142 31.8172 32.8621 32.8939 37.6796 33.7955 32.1575 31.3351 31.1632 31.9252 37.0417 37.0967 40.4222 38.8422 32.0270 34.6185 28.6065 39.7583 29.8394 35.8971 41.8617 29.1604 40.9252 31.7204 37.2834 28.8647 33.4265 34.2983 32.4629 27.2803 26.5066 31.4923 30.6827 35.1775 33.0359 39.3557 26.9909 32.0420 32.7831 26.9883 36.0531 28.8140 23.6554 36.1585 28.6442 36.0238 38.0822 31.2382 34.4856 30.8573 30.1599 37.2461 30.7171 27.4523 39.8251 37.9720 29.9335 26.3540 42.7676 39.2772 35.2828 27.7633 29.2882 37.3259 31.4501 24.1707 35.8475 38.8179 31.2249 30.4536 27.2290 35.9172 42.8980 33.7267 40.0823 32.4410 24.9012 41.2965 32.0628 35.8998 29.1798 29.7719 26.1887 26.8302 25.9764 28.1879 36.8385 28.5637 28.5229 30.9204 40.7760 39.4221 19.6125 38.9141 29.9072 36.2280 38.3867 30.5339 35.1913 38.7830 31.2524 40.9684 41.0180 33.9247 23.8789 37.7403 27.8308 24.7563 25.9332 29.7140 28.8300 18.4243 35.2297 29.5109 32.4512 29.8593 32.6945 32.7175 22.4543 27.9120 33.3544 34.7899 39.2172 36.4997 31.8610 38.0724 32.4134 25.2561 23.9164 31.1788 37.9674 44.0532 41.6667 37.6534 27.6001 31.8005 38.1390
34.5174 30.8698 39.9602 33.6687 28.7214 32.5463 35.3143 43.6484 30.2421 0.0000 24.2904 33.0046 36.0501 33.5875 38.8305 30.1711 30.5985 35.4456 33.4609 23.9455 36.5112 27.8827 33.5541 39.9284 36.6866 42.1858 27.9275 28.7348 38.9835 23.0393 37.6599 38.7831 34.7272 31.7283 34.1347 35.2089 23.6119 25.8843 34.9815 35.6744 27.7707 34.8560 38.5219 36.1301 29.9588 29.9064 29.7626 31.9903 31.8344 37.1839 34.3528 29.0292 38.5761 31.1354 28.1660 26.4769 28.8198 39.3580 34.2742 20.7382 31.2210 35.0354 30.4285 17.3666 36.4923 30.4885 35.0265 31.7258 21.7948 25.9084 29.2145 29.6736 35.1313 35.3730 34.0888 30.5450 40.4489 44.4507 37.8949 39.1368 37.5651 41.4494 34.9680 25.9470 33.5189 31.6527 28.1462 29.3825 41.8203 32.1625 32.4427 33.4565 39.2434 35.9420 24.9038 27.0492 40.9689 50.0472 33.5486 34.4164 44.4409 37.6904 42.6503 20.9754 37.9610 29.7758 34.7996 38.4500 39.4877 36.0186 32.1357 35.5565 30.9072 40.9954 48.5006 42.3762 34.2591 30.5136 19.2381 40.0464 26.9602 43.1863 45.0866 25.1587 23.5765 41.6342 39.8518 24.4358 33.7662 28.8503 25.7861 25.2760 24.4303 29.8668 28.9458 26.9442 35.4962 37.5695 31.0891 37.8005 30.6599 38.7944 29.1624 30.4025 19.8845 31.3419 19.5212 21.2493 32.2739 33.7601 30.9293 26.0649 38.1042 31.5956 34.2885 39.5268 27.1571 30.4426 28.2040 39.8171 33.2757 33.0926 38.1795 26.7436 31.9162 43.4045 35.6323 45.5282 30.4643 44.7683 37.7546 33.9539 42.3526 32.3697 40.6997 28.4218 31.7329 22.1876 40.3254 41.5408 29.1875 27.8521 39.5827 40.6537 35.8465 28.6890 31.8611 38.7229 25.5509 33.0165 30.5207 24.3617 24.3709 36.0453 36.1854 21.9922 33.6486 28.9317 25.7830 41.6534
30.5956 32.9603 30.1202 35.1126 39.5026 36.1452 34.3254 35.0943 37.5061 24.2904 0.0000 38.8902 30.5027 36.8526 28.8191 35.3335 25.8277 34.7544 28.5395 18.4234 30.9433 25.9535 31.1451 23.9441 25.9905 37.5383 37.2059 28.8606 37.6281 33.6937 27.5756 34.1127 26.7647 30.8830 41.7389 18.4428 25.9790 30.9735 33.4227 33.7938 32.3763 35.3027 21.9397 34.5992 31.8327 41.2677 38.3832 32.5830 34.9156 32.2143 33.4324 36.3431 44.0165 33.7413 32.6003 26.2171 24.8275 28.0149 31.5283 36.0475 34.8349 37.2902 38.0100 34.0734 26.7618 37.5225 35.9412 37.5393 35.1390 28.4672 33.4025 27.2546 28.2641 33.5990 31.1440 30.4196 29.5291 27.2318 32.8979 33.7394 32.3429 42.4593 34.2379 27.6440 32.1028 34.6070 31.6940 26.5856 24.2925 29.2123 31.1712 36.0789 36.3196 33.1786 26.5293 28.6864 32.0268 34.6839 25.7588 39.7102 29.1174 37.9469 33.7445 30.3348 33.1587 25.6470 46.1428 31.2617 27.0350 32.0128 29.5026 30.5792 34.8860 40.7367 36.9833 24.5662 39.2227 34.1302 24.9681 30.9321 29.6634 36.1545 39.3504 22.9855 32.3789 35.3100 32.5157 32.7468 33.6463 27.2884 34.8164 47.5003 22.1692 29.4468 32.3648 27.3526 20.8507 37.5402 28.0604 26.5716 37.2912 31.5305 35.9928 41.8818 38.4138 38.7678 30.5259 32.3527 29.7368 29.4400 23.3705 42.2106 39.7095 30.8419 26.3697 37.4275 34.2322 36.7365 35.5840 38.5197 35.0079 29.0914 30.7347 32.7890 30.4574 27.5356 32.8035 32.1382 34.7197 37.9427 44.7325 35.3460 35.4012 41.3209 35.9102 38.7364 39.6072 30.9378 28.1438 31.0634 38.6509 29.0258 35.8503 31.5029 33.7820 40.6750 32.7836 37.9015 26.4184 45.2603 29.6248 35.2482 28.2216 29.9219 37.8443 41.1400 38.5967 31.7575 34.4275 23.4733
33.7953 30.0672 36.1080 31.7095 22.5043 31.8397 41.2025 27.3795 39.6152 33.0046 38.8902 0.0000 24.6256 34.1651 36.3808 38.3000 37.7810 32.4144 36.8685 34.6697 40.2246 32.4669 27.0115 25.3042 29.3190 41.6212 35.3476 27.9221 28.7137 33.9208 20.1762 30.9328 27.6345 32.9545 35.1641 35.5812 44.2026 32.6878 24.4770 33.7312 25.4773 24.9409 22.8356 26.2340 39.0123 25.7495 40.4895 27.1597 31.5840 37.6944 26.5075 20.8212 26.7143 35.6592 30.6008 35.2486 23.3998 25.6951 38.0017 34.1718 30.2738 31.2359 37.2797 21.0731 24.0934 36.1114 39.4334 40.4634 34.7650 24.4745 30.6677 31.4263 32.5252 37.3042 27.2143 40.0083 34.1987 33.5971 30.2710 35.7243 26.7653 24.2469 37.8809 25.5422 29.6378 32.5509 39.0530 27.5621 41.0692 40.5802 39.5960 31.8798 33.9073 34.8456 31.5601 26.6753 32.3368 34.8578 36.0100 28.5607 29.1020 38.3371 36.3567 33.4750 29.6501 24.3738 26.9316 27.7635 33.8377 34.6927 26.5556 40.2714 30.9001 24.3048 33.8111 28.1388 30.8131 27.4738 29.0746 30.7436 31.4725 29.8050 26.4513 31.6223 25.6633 27.9655 35.5113 33.6887 40.5275 33.5993 29.1412 37.1649 29.8481 35.3202 35.2001 29.5242 33.2371 26.4790 32.7947 23.3948 32.2339 31.2185 39.4997 26.7862 25.8541 36.5009 43.9958 22.1925 44.4363 31.1261 31.5632 34.1500 26.8780 33.3732 33.2762 34.7283 32.4457 31.8043 27.3142 32.8863 34.8117 24.3562 34.1535 41.1375 37.5906 36.5631 31.5026 32.6486 31.6545 36.0149 36.0778 29.0376 38.8502 23.9757 29.6637 34.1096 42.6201 36.9935 43.0380 17.5683 37.7633 36.5797 25.2771 37.3795 28.2316 36.9748 27.5666 39.3263 32.7500 21.7112 38.0053 31.8014 41.8752 27.3574 41.5818 31.9458 27.4710 40.9239 32.3381 28.9651
30.4708 27.0742 33.0205 23.7410 47.1768 30.8356 34.2564 23.3329 35.0843 36.0501 30.5027 24.6256 0.0000 29.2090 37.4188 39.6938 31.5928 33.2346 31.8918 28.0053 32.8197 27.8828 27.6427 34.5397 26.4117 24.2798 30.2489 35.0644 34.1191 35.5978 35.4791 28.5820 22.0472 34.0986 34.6045 31.1672 32.3179 36.0136 25.4714 27.8103 35.4538 19.7240 30.0746 28.8472 29.4977 37.1672 29.3644 28.4375 37.9835 38.8674 40.8256 38.2803 36.7456 25.5259 27.5897 32.3549 37.8333 38.4774 40.6181 37.0695 40.7023 27.1319 36.3705 30.9293 34.0648 29.1141 23.6150 36.7007 43.4376 25.3597 31.5384 27.6518 37.3916 33.0551 36.0934 29.1442 35.2734 32.3903 31.9251 29.1984 41.1370 35.3454 33.8161 37.3133 28.2102 30.3832 26.7818 35.9076 30.9331 26.9221 38.2021 39.0892 35.7743 33.2153 32.3594 38.7257 20.1314 27.2014 30.6817 21.7261 34.2299 33.0849 41.5320 28.5762 26.5827 41.5997 44.7618 38.0042 39.3003 34.2555 29.6491 33.3356 24.5919 37.0816 26.2035 29.5505 25.8925 36.8442 40.3931 33.7486 29.4177 33.9635 29.8159 26.4638 34.3169 35.8408 32.9310 34.2302 27.2381 26.3975 26.7737 36.2431 37.4899 33.8383 33.1158 38.2338 36.6111 32.9660 30.2993 36.0349 41.6695 29.8541 29.6782 33.9036 25.6430 27.6366 36.3401 42.7826 34.2061 40.9630 30.8948 31.5422 32.2273 33.5548 30.6496 33.8783 37.6772 35.4108 31.5179 35.3421 33.3493 23.1519 28.5888 42.6809 39.8370 31.7775 37.6309 32.5417 37.6830 38.9607 36.7083 33.1368 28.4192 38.3973 42.3691 30.7368 35.1379 40.5132 33.5196 36.3215 34.1182 34.3448 33.4176 27.1191 28.7476 27.9532 37.6700 19.6495 29.1000 31.4349 18.4815 31.0240 26.5951 30.4878 33.3288 38.0957 32.2509 39.3466 30.2643 28.9831
31.0734 31.6714 24.9058 30.3791 31.2712 36.2166 37.9658 36.9552 29.3142 33.5875 36.8526 34.1651 29.2090 0.0000 30.7330 32.7170 34.4457 37.6422 23.0466 35.8461 31.9999 44.1628 25.7461 25.7977 25.9791 32.1979 33.1701 28.4583 31.3877 27.8739 29.4364 35.4305 23.9339 36.5113 37.7442 29.5604 38.4344 31.0424 27.7991 29.6553 36.9683 31.1447 32.7365 35.4284 24.6827 34.3741 34.1383 40.8060 29.1643 32.3143 34.5224 40.8442 32.1768 21.3932 30.4931 35.8202 36.6659 29.6804 41.9450 34.6571 31.5657 26.3471 26.4220 34.4548 33.5955 37.1086 34.5037 35.6385 33.4751 39.4994 32.1613 32.3899 28.0031 38.7100 36.9519 36.2846 26.2576 33.8747 39.2185 24.0626 31.5159 29.4567 31.2914 34.4842 24.2912 31.9426 35.4572 30.4805 22.1891 33.5549 29.3647 15.6814 37.9074 33.0976 36.5600 28.7041 35.9818 36.1968 29.4739 16.9679 41.8127 33.9627 31.3255 31.2853 37.2189 40.5761 27.5664 24.2603 31.4032 23.3399 32.5993 32.9883 23.4678 19.6523 38.1785 37.9930 31.7191 22.3244 39.4437 33.8136 29.5325 28.9810 21.7237 39.0760 24.8245 40.9255 31.5302 35.3716 29.7727 38.6745 38.4444 25.1879 37.6864 22.0782 33.3107 38.2013 26.3237 28.1561 24.6800 37.8342 28.8810 26.6505 34.4648 42.3761 25.8908 34.2296 39.2987 28.3147 43.0192 36.7277 37.0573 30.1184 30.7817 41.4081 32.7486 39.8884 34.9578 30.5507 30.3389 31.3177 36.6882 33.1836 38.5891 28.5109 31.1615 23.1942 25.5297 27.6864 29.6075 28.2194 35.2716 23.7820 33.8713 34.1852 30.9863 33.5066 35.9918 36.3208 36.9177 36.8846 33.6447 32.5195 32.3597 42.2446 12.2183 32.4210 25.4385 19.4777 33.5468 30.0545 25.9209 27.2077 20.5378 30.0501 25.9738 36.1134 27.3709 35.0407 30.3989 37.3274
35.1109 32.4080 36.1791 45.6442 28.0609 36.0260 30.5018 30.2537 36.1652 38.8305 28.8191 36.3808 37.4188 30.7330 0.0000 25.0902 31.2129 27.5734 31.7072 28.7293 27.1133 26.1841 38.3766 38.7182 31.9215 36.6032 33.3886 35.1928 47.3936 29.8168 23.2094 33.1416 36.3508 31.6394 23.7757 26.3983 38.1687 36.0804 32.5203 36.6833 27.9692 22.9437 27.6566 32.8197 26.9935 26.6262 36.5951 28.2936 35.2837 40.4634 28.8827 30.2335 42.6619 33.2634 25.8302 33.2122 29.2830 38.3839 35.7662 34.5427 34.7010 30.5412 34.6617 35.7866 25.6167 34.1335 29.7359 26.5883 31.6744 29.3821 38.7916 23.4573 30.4881 29.1248 29.2033 31.3050 41.8661 45.1624 21.0573 30.4279 36.3106 20.8517 35.3760 26.7111 39.2036 34.1615 33.4464 32.6598 36.1904 29.6602 42.2716 26.7392 29.2022 26.1994 25.6566 36.6532 25.8495 36.4002 32.3848 27.5108 29.7045 35.4125 45.4435 41.0002 41.1537 31.1174 28.1593 27.0138 28.8045 28.8722 24.4263 31.7184 27.8970 37.7492 33.9868 25.0683 31.5967 38.6566 34.1913 26.3189 31.5886 36.1877 24.7782 23.6312 31.9417 27.4517 31.0229 43.2133 34.2620 37.8321 26.0788 29.1700 34.6264 29.4523 30.2647 26.3276 34.6385 34.0990 36.9829 18.8576 39.9337 29.6141 25.3218 24.8798 33.1058 33.6533 43.7051 36.9003 30.9444 42.9188 25.8768 31.6118 39.9063 53.1784 30.8236 32.0314 27.7004 33.6942 37.2346 22.7649 34.5381 32.9334 30.9077 37.8124 33.0169 34.0029 36.6747 26.7468 24.8378 37.1900 36.3378 28.8536 35.6942 28.5259 28.1513 27.1670 30.2369 29.8211 32.3243 41.5297 30.5184 21.9142 31.2707 29.3475 40.8494 33.2499 33.2924 36.5112 27.4310 31.1423 25.0302 49.2415 29.9532 24.7101 30.3995 33.0537 20.6814 34.7049 35.9078 42.6995
31.7092 29.1750 31.5534 34.5566 42.1843 28.7579 33.6508 37.9435 36.7579 30.1711 35.3335 38.3000 39.6938 32.7170 25.0902 0.0000 40.4258 31.4059 24.7879 24.0618 28.0968 32.8458 33.2153 31.2981 36.5752 41.8707 34.9336 35.9700 34.7348 34.9823 30.7298 26.6955 34.4602 36.2580 24.8445 23.1491 31.4730 48.6467 35.7778 40.5534 26.3367 41.7422 29.0725 41.9762 39.2656 29.6807 36.4975 38.1245 34.0836 27.0080 38.1792 27.1822 39.2980 30.4060 32.4079 36.9131 35.8883 32.2035 32.9700 28.9931 36.2267 30.8971 30.3648 35.8779 39.7073 33.8646 36.5730 31.5693 31.9881 36.7630 25.6590 28.1519 34.1770 33.2912 28.8636 41.6119 46.2822 24.0842 36.9509 44.7715 37.0465 27.4197 33.5958 41.7981 31.3066 35.3445 30.6679 31.3664 45.2657 27.2024 21.8247 33.9088 27.3000 29.3430 28.2999 33.9765 37.0080 26.3119 40.0344 32.0965 34.9266 34.8147 43.2151 33.3864 35.5377 36.8359 34.6699 31.4711 27.1396 40.9302 30.2439 21.2467 38.1419 35.5633 30.9046 38.0996 36.9548 42.8231 29.2595 27.6591 37.5157 35.2598 30.7910 38.1685 23.7375 26.3331 28.4746 35.7373 44.4625 31.1546 28.2225 38.7335 31.2206 32.4553 30.1451 31.7432 32.4438 39.1400 24.7658 26.2736 27.2483 39.4682 29.5530 35.4605 30.0610 29.2379 21.0399 40.5069 37.3884 39.2148 18.1237 28.7101 33.8680 30.8285 38.3564 27.0907 23.0541 38.5982 22.1158 34.2029 41.8416 26.3439 37.5133 34.4418 35.8400 39.8375 28.1478 39.4249 46.9453 19.2784 38.4871 25.1464 31.2133 32.9336 32.8004 24.8068 31.0384 34.6621 22.7864 27.3054 42.3141 32.8740 31.5672 37.7164 40.7019 39.3967 28.9843 38.0225 35.8787 42.8502 41.5456 41.7117 37.1498 40.0599 34.2675 38.6434 29.3957 31.6749 25.4514 34.3205
40.6108 28.1917 37.0957 35.3358 23.8997 28.7910 30.9562 36.8792 30.8903 30.5985 25.8277 37.7810 31.5928 34.4457 31.2129 40.4258 0.0000 36.3861 20.5115 29.7075 24.6341 29.0858 29.5451 34.7330 32.2276 41.2237 31.8490 42.4956 24.2340 33.2148 29.3811 30.7747 22.9957 37.6819 30.4393 45.4932 32.4392 28.4483 33.5137 42.5993 36.5652 31.2457 32.3112 31.3443 35.2647 41.1642 29.9762 32.9794 30.7487 25.1934 38.7821 33.2791 31.2827 29.3269 24.5740 32.9262 37.5775 36.4859 24.3947 31.7673 33.2627 30.2640 28.0464 25.3663 42.8479 36.6452 42.3830 36.6998 27.0495 40.3031 41.4311 36.1971 26.1150 33.8514 31.1775 28.4285 28.7197 20.2800 36.6715 35.7154 35.0216 40.0604 43.7506 31.8203 20.4541 39.0732 34.1183 40.8630 33.9593 38.1170 24.2603 29.0541 34.4155 33.0911 31.0241 25.6387 30.3687 28.9918 39.9386 38.2799 39.9063 31.0810 32.1986 35.2976 21.4546 44.1640 36.6495 30.6253 37.5964 35.1019 36.4702 40.0540 32.1772 36.0059 32.7192 35.8910 41.1448 32.8938 40.8304 41.0740 38.3419 34.6995 40.6254 24.5844 37.5615 33.4506 38.5373 32.6918 30.9746 27.5594 28.9339 27.3497 24.4253 28.3813 30.6005 26.1211 33.3969 42.8833 39.4618 36.9586 33.0212 34.4760 34.2256 24.2274 32.7845 29.0262 38.3943 43.1003 42.7174 29.2442 37.1829 29.6619 32.9946 33.0942 29.0483 39.3003 29.4046 37.9352 38.3909 34.8531 29.7635 25.0080 30.7338 37.6427 35.5342 38.9363 28.9418 32.9766 19.7238 35.8071 29.4521 31.6039 41.3217 35.0394 31.9844 25.7767 34.7111 44.8101 35.6015 33.7351 39.8643 21.7595 34.8402 32.6485 36.6683 28.9979 31.4728 37.3148 31.2798 37.2126 34.0780 41.3253 35.0313 34.1648 32.4936 42.1207 46.1435 34.7077 31.0347 34.7061
31.2182 43.3946 31.2467 40.5555 31.1926 30.9921 30.7340 32.1039 32.7546 35.4456 34.7544 32.4144 33.2346 37.6422 27.5734 31.4059 36.3861 0.0000 27.7281 32.0107 33.0489 36.3230 39.2728 23.0722 21.5763 38.6605 38.1595 37.4016 27.8462 28.9027 37.0615 35.0304 35.9033 34.5363 33.2329 28.7424 28.4674 35.2157 39.0592 36.2077 37.8713 39.9175 27.5836 31.7986 34.6810 33.9848 33.8765 39.4162 42.4399 45.1573 31.8276 45.0484 41.8696 21.6247 32.2086 31.9724 30.6089 38.4775 28.4166 19.7760 27.3657 34.9533 27.2198 39.0014 39.9599 28.8812 23.0630 19.3388 35.7835 26.6582 30.7248 41.1141 35.2554 27.2838 28.2445 29.7464 31.9336 31.9672 35.1727 28.1842 31.4648 31.0997 29.4508 37.0057 24.9670 38.1422 25.9484 28.2600 32.0173 22.0154 31.8614 28.3913 37.6685 29.7336 38.6703 27.9210 39.1241 36.2694 35.1673 35.8206 31.6245 31.5117 39.9532 32.1481 31.4577 36.4906 26.9538 30.5547 39.6964 36.5444 43.8820 31.1211 25.8096 34.1782 25.0685 36.3660 31.9659 37.5900 29.6724 30.8737 34.0476 33.8471 24.8788 32.3524 28.7425 34.0794 38.0943 37.5262 28.7042 29.9584 33.7484 36.5211 35.5064 27.6360 29.5221 36.2684 28.8083 27.6016 30.6567 39.3551 34.5936 35.2786 23.9998 35.4332 30.4242 21.7534 33.3479 37.8241 41.2770 28.0633 33.6305 29.2240 27.1159 32.8443 28.8933 40.5069 22.9895 37.5419 28.7941 27.5332 42.9489 28.6052 20.9818 25.4677 38.9215 26.3067 24.4826 38.0993 28.5389 42.9849 34.3845 24.7332 30.7612 46.4189 33.6594 32.1276 24.5194 43.8273 42.3737 30.0472 35.0239 27.5274 46.8974 37.7587 34.8296 35.4801 35.1186 33.1401 26.2318 26.4598 32.9991 31.8553 37.9902 27.9898 24.2908 31.7063 32.0067 31.4841 39.7158 26.6655
29.5723 34.4688 35.2963 35.7660 36.0219 39.0411 27.7800 22.5720 36.4421 33.4609 28.5395 36.8685 31.8918 23.0466 31.7072 24.7879 20.5115 27.7281 0.0000 34.2529 23.1185 16.5599 34.9991 29.5432 28.1538 35.7379 35.5272 38.8132 32.5433 29.7502 27.4992 28.5769 20.3230 43.1265 36.6459 31.1127 35.0313 31.3871 35.8179 20.6674 37.7530 26.6689 34.4073 31.9107 34.2435 39.2963 34.4146 41.4471 28.1139 39.2965 31.6825 37.8382 27.6490 41.6345 31.0600 40.1028 23.8233 33.2957 26.0273 36.9975 30.2354 40.5223 32.6836 27.4322 37.8808 29.3016 35.4802 35.0598 36.6109 40.2223 28.9374 22.8395 36.5946 27.8368 34.7293 32.9936 37.3068 29.0980 31.9816 35.3156 29.4213 40.5180 33.8256 30.2487 38.2376 33.0240 32.4807 28.4706 32.8545 20.9766 32.6553 33.5952 30.7454 32.5764 30.6785 38.0149 26.8971 27.9725 32.9729 36.2828 25.0620 40.0192 39.8379 38.2989 36.6045 35.1413 34.7936 37.9694 28.1046 36.7425 40.0842 28.2470 35.7565 39.1500 40.9157 35.9238 34.1272 32.3772 35.6056 32.8795 34.5298 29.7734 38.7506 28.7170 36.5380 34.3145 30.8819 31.6536 19.0435 36.7431 32.3516 32.5584 30.1060 30.0455 28.4818 30.4585 27.1744 34.0051 37.9383 25.0849 33.5803 32.6984 32.2459 19.0758 32.1285 31.7765 28.9023 24.2066 35.5787 35.2263 27.8796 27.3170 27.5720 32.4522 27.0687 34.3445 32.9038 32.7050 30.3726 33.3960 22.5515 26.5969 32.7633 41.7372 26.6212 46.3029 29.4194 33.7901 31.2952 41.0741 29.2190 36.6380 34.2993 42.5684 34.1447 35.8408 23.5972 29.7138 25.4036 27.0729 24.9349 37.5460 42.4888 37.6997 33.5255 42.8639 26.9789 33.2807 36.2908 27.0881 23.2870 37.7846 27.7749 36.5871 24.4416 29.5291 30.9343 27.9925 33.1107 46.9687
30.4686 35.7113 24.5401 32.5188 33.8357 28.2170 36.0538 24.9053 36.5412 23.9455 18.4234 34.6697 28.0053 35.8461 28.7293 24.0618 29.7075 32.0107 34.2529 0.0000 34.3938 32.9865 35.3319 37.8055 35.9464 35.8121 20.0587 30.3877 26.0138 20.5369 33.7221 28.3311 46.0002 29.8662 23.1987 31.8762 33.5751 38.8517 25.2707 35.5560 27.7832 32.6999 42.4774 30.8650 39.8976 32.7764 33.3394 38.6374 39.3623 33.9901 29.4885 29.4280 23.4735 32.2611 32.0224 40.6149 24.3985 31.3560 30.4494 39.3839 23.4556 44.7051 24.0472 40.6368 30.4847 25.6171 33.5895 37.0308 31.8178 42.5070 37.5634 32.1407 34.8342 29.7245 34.4086 35.8353 29.8951 30.3070 37.0422 31.1367 36.0176 33.9744 34.9962 32.6897 37.6511 30.7741 32.9838 42.2433 38.3582 34.2089 26.6405 36.6565 28.3946 30.6066 30.6484 34.1456 32.5989 28.0714 34.8603 32.8474 29.9988 31.2151 30.8472 30.7060 39.9003 34.7927 28.6293 35.2006 37.3385 41.6255 34.3705 30.0812 36.2866 38.0478 29.1432 30.5761 38.6161 35.7692 29.5261 31.4728 33.2444 32.9459 39.1692 25.2462 33.3932 27.9256 35.6395 24.7413 34.8291 33.7998 39.1085 31.7907 29.9515 35.2756 33.7307 31.8754 31.9924 46.7714 35.2281 23.4148 39.8507 32.8923 34.2081 33.3738 26.3762 26.7929 34.4102 41.7413 35.1504 30.6812 36.8727 27.4301 35.0480 29.7587 28.6405 43.5716 35.0815 29.5481 31.0654 36.8103 35.7312 30.1715 27.7463 38.8805 36.7398 43.5454 39.4038 40.5298 28.1350 33.7631 27.1017 35.4803 39.2564 31.9825 32.8516 36.6686 29.3125 26.1187 27.6194 28.7727 28.7364 37.8822 32.5184 22.8608 30.8675 34.9058 36.0032 24.1936 33.3006 29.7990 30.0499 28.6466 40.2958 39.5973 27.2714 25.2382 37.9833 40.2936 30.0361 27.9756
26.8720 37.7480 33.3746 34.0796 33.2787 33.8080 26.5482 36.2076 30.5302 36.5112 30.9433 40.2246 32.8197 31.9999 27.1133 28.0968 24.6341 33.0489 23.1185 34.3938 0.0000 37.0951 45.1929 33.5446 41.4370 35.0688 33.8462 27.0546 38.2542 34.1193 27.8086 27.8263 41.4906 30.9695 30.7513 34.0195 32.1392 38.8065 29.1895 34.6198 30.0273 31.1494 27.1877 37.2187 22.0671 35.3309 28.2964 29.6744 45.0445 38.1321 27.0310 26.4305 33.8521 28.9012 32.0528 33.2567 25.9303 40.2812 25.0601 30.4466 37.1278 32.8437 48.5590 34.3974 28.7104 39.8880 33.0854 24.1745 41.7761 31.2783 38.3573 28.8180 31.8524 32.9739 31.8862 36.8640 27.5464 36.4272 24.0295 32.3000 27.5643 27.8833 41.2137 30.9885 32.5411 27.2954 26.6461 36.3471 28.0355 36.1289 37.6090 31.2270 34.7962 25.7398 32.3646 39.6212 36.5385 41.3973 27.2707 28.3067 32.7289 34.0242 24.4610 27.3433 32.3242 38.5944 34.5310 34.8387 29.4331 31.8014 30.6686 35.2260 40.2588 41.0788 39.7571 26.4543 26.7985 37.4463 40.8321 38.5332 31.2616 25.0485 36.6565 40.2576 34.1044 44.9085 29.8616 30.2500 43.5149 29.4424 28.7223 32.0177 32.5295 31.7494 26.3720 32.4584 28.1551 28.6575 28.8999 30.0335 23.5239 26.8252 36.1158 39.3490 41.3070 41.2639 35.7463 29.2981 36.4874 34.0150 32.1810 29.2439 33.4133 37.7712 35.7120 32.1603 31.9513 29.4527 33.0942 34.8392 32.6587 24.4721 38.8546 34.5444 36.7485 40.5813 33.8505 32.8740 37.7249 31.5445 45.5747 40.9802 45.3907 41.6810 27.2892 35.9138 35.5018 27.2423 26.5162 27.9776 22.4383 32.5049 28.5479 36.8154 35.1788 30.0470 30.7095 38.2552 39.5714 21.1796 37.6253 34.8596 26.2582 42.4100 25.7525 36.5044 25.5813 25.3502 32.9816 23.5944
29.1101 28.3452 27.6871 27.1177 32.5985 33.3206 44.2845 28.4230 41.2921 27.8827 25.9535 32.4669 27.8828 44.1628 26.1841 32.8458 29.0858 36.3230 16.5599 32.9865 37.0951 0.0000 33.2244 30.3889 40.9634 36.3912 34.5815 28.8761 18.9050 30.4446 38.0625 30.7606 27.1116 33.2792 25.3463 19.8869 40.2416 35.7941 29.0990 41.6859 21.1943 33.4931 42.6433 29.6255 28.9419 27.9304 36.3972 27.7201 37.8441 28.7139 41.3633 39.0671 31.1885 35.1536 29.1232 37.5031 24.4842 28.5326 29.2386 40.2364 27.0165 42.5804 39.7300 39.6117 31.9811 22.8757 35.7048 31.9011 32.0928 20.9313 34.0195 39.4109 17.7371 34.1867 34.1005 33.8231 34.9336 32.1311 27.0215 30.1800 28.2588 27.6885 32.8319 30.2541 36.1344 33.7855 37.8831 27.9552 26.6819 37.9815 36.4220 34.6753 29.3647 36.0181 41.3731 35.7505 33.7858 35.4427 36.3658 33.2723 46.0272 29.4165 28.6956 31.9100 30.2279 32.3172 28.1705 32.3621 19.9482 39.2915 35.8344 29.5212 37.4729 30.6482 24.9938 32.8984 42.9615 27.8301 38.3558 26.3213 31.7232 23.5560 34.4445 42.3761 36.9845 27.7488 47.7614 30.3418 31.1840 31.1561 33.1433 29.6032 39.9036 31.1516 35.9393 34.8132 37.8478 34.4781 37.6238 28.8068 26.6766 33.3324 38.3067 30.3845 34.1616 38.8562 38.0573 34.9530 41.8499 26.4182 31.0366 33.4032 29.1881 35.5677 38.3406 30.6854 35.4402 32.8953 37.6874 35.1603 25.2571 33.8785 34.1066 32.8106 34.6604 27.9853 32.8532 43.8137 30.9963 23.9044 36.4251 36.6550 38.0978 32.6583 43.2632 37.4867 35.0324 37.5507 26.4540 36.4459 24.4232 33.6021 32.8430 37.6181 38.3481 36.2291 29.3149 32.6487 28.3296 32.6776 31.8027 35.4525 27.8282 35.0591 30.0452 34.6330 24.5776 41.7976 41.2655 47.5388
30.5892 44.3719 33.5107 30.6619 37.1061 24.1656 25.1710 29.9843 38.1193 33.5541 31.1451 27.0115 27.6427 25.7461 38.3766 33.2153 29.5451 39.2728 34.9991 35.3319 45.1929 33.2244 0.0000 48.8377 30.2607 32.8118 35.5399 29.7528 32.6396 36.5947 34.4557 32.1926 35.4247 27.5930 38.6051 30.7498 30.4927 37.2664 34.8188 30.3967 36.2383 28.3359 29.4857 35.7209 29.9214 35.9593 37.2341 33.0377 29.2603 37.0332 30.7219 46.6224 34.7142 28.5706 32.6069 28.5276 35.1604 44.0922 30.5445 31.0914 30.3563 31.3421 32.9203 39.2090 39.0424 27.5306 39.0787 46.3958 33.3534 32.8354 29.6294 26.1675 35.6840 31.1769 21.6235 27.4535 36.1201 33.0999 38.3066 32.1878 25.1677 35.7587 34.6844 37.9582 23.2708 32.2373 35.3092 42.7734 37.1541 32.0302 34.2597 38.5910 37.0442 28.1530 29.7362 37.6611 25.9901 47.0546 30.5637 34.4817 39.1957 22.9744 42.1907 35.1427 32.0373 30.0337 38.3540 31.7183 35.5401 31.0711 30.9042 33.3080 16.3594 31.2797 40.8763 31.8401 39.8825 34.2832 30.5429 43.4431 30.6867 31.9421 33.1613 30.3434 27.6523 23.8241 39.7235 19.3770 26.9548 33.1697 33.4514 36.5194 35.9324 38.6491 35.4479 43.4677 28.8364 32.6233 33.6684 41.5252 27.4692 38.5621 26.9076 32.5367 44.6685 38.2554 30.6313 30.0956 27.0002 31.6999 36.3000 25.0752 26.8368 42.1884 32.6461 38.2933 41.9253 30.7077 28.5099 39.7522 38.3153 29.4693 35.6480 32.8873 22.7124 26.3395 36.6412 33.0819 40.0608 35.8790 28.0928 38.7165 18.9646 28.6908 24.7027 30.7179 29.0646 37.3454 28.6780 18.2827 30.9234 33.8846 39.5707 34.3883 21.6769 41.7253 23.5670 29.2498 27.3729 26.9186 30.5447 39.6540 22.3005 36.1012 33.1425 30.2674 40.5700 26.7120 39.5725 35.5709
28.8186 39.4690 14.9836 30.3726 42.7134 41.0476 32.0236 32.3355 38.6392 39.9284 23.9441 25.3042 34.5397 25.7977 38.7182 31.2981 34.7330 23.0722 29.5432 37.8055 33.5446 30.3889 48.8377 0.0000 29.5851 29.2559 23.2647 30.1402 31.2705 29.4827 33.0293 24.7360 34.2857 34.7328 36.9689 35.4459 35.1274 25.5628 28.0834 30.3819 31.1709 34.0415 26.9855 34.6034 26.3723 30.8970 30.9413 36.2495 27.9433 38.5781 29.9067 25.6995 37.1965 30.8190 39.2842 24.3348 35.4789 34.5942 30.5977 28.3907 30.3344 31.4859 41.4443 33.9713 35.2483 24.5387 30.1478 38.8571 33.1739 36.7439 35.5926 32.4166 28.1034 29.2120 33.5897 32.9739 33.5109 33.2839 48.0412 30.1675 37.7422 30.9188 28.4697 35.7315 32.2954 28.8654 38.6478 21.9516 27.4685 30.4778 42.3704 35.1003 30.6996 26.9824 25.4820 25.0562 36.9218 35.0405 23.2241 33.2432 30.3538 34.2280 35.5906 20.8914 32.2152 34.3596 35.7559 42.0256 31.7546 37.8169 28.4558 31.5797 31.3173 32.9511 32.4353 29.8311 34.1621 39.9225 32.8051 36.1642 37.4230 31.3073 40.4759 26.1426 30.8000 33.9159 34.3292 36.2294 33.4542 31.9841 30.0159 27.5788 27.8185 37.3054 40.4762 12.8700 27.1565 37.5905 24.6791 34.5404 23.9663 24.6885 37.3137 34.8605 42.5058 38.0958 21.8307 30.3067 27.6974 30.4150 43.0918 37.8623 36.6440 34.2103 32.8984 36.5633 36.8653 40.3578 41.8873 37.7233 31.4648 27.8760 37.4610 27.4503 38.0996 45.8529 32.9067 32.4845 31.7881 37.9999 35.4354 37.5232 32.7115 28.4227 33.8394 37.8708 27.4855 34.4399 33.6574 35.8453 31.6025 34.1746 32.2410 30.5613 31.8514 37.1579 35.2658 38.5955 38.3199 31.3156 31.9077 38.2117 26.4764 44.7210 27.7154 30.0160 35.8448 27.1154 32.2612 37.3168
34.8156 34.7822 32.7030 37.9610 39.4762 28.1151 32.8252 34.7578 30.0488 36.6866 25.9905 29.3190 26.4117 25.9791 31.9215 36.5752 32.2276 21.5763 28.1538 35.9464 41.4370 40.9634 30.2607 29.5851 0.0000 31.1310 33.9223 34.2319 30.8576 38.8420 18.8455 31.3521 31.2571 40.6032 26.6247 24.2282 37.5017 24.8074 21.3081 26.3440 38.3318 28.3321 34.2426 36.3549 30.7340 31.9030 36.0608 36.6793 35.2735 35.5772 28.4994 44.8719 38.7495 38.8381 43.0213 29.5434 42.8990 24.9009 20.9858 31.2978 33.4922 38.8446 34.0487 33.0377 25.2136 26.5325 26.0175 31.8310 32.8023 39.1473 28.9437 23.3025 30.1050 40.0005 33.9258 34.6066 37.6807 32.1478 31.1900 27.1902 32.2098 36.0564 34.8942 39.0047 40.3375 43.9213 28.2898 46.3284 37.6865 32.9774 27.2656 37.5488 41.2812 27.7338 31.5860 23.9577 39.0134 28.4247 31.9892 23.9272 24.7570 34.2400 42.5107 30.8707 23.7853 35.3029 27.7719 33.9045 29.1767 25.8449 33.6546 32.6901 29.1673 37.1414 32.6505 38.8477 30.8640 30.8681 31.0254 36.7163 27.9194 39.3122 28.4308 37.5736 22.2084 37.4680 35.7065 31.5259 30.2015 29.8886 25.6462 24.5474 34.0661 42.8396 25.5013 30.0270 41.6528 33.6251 22.2583 32.9777 29.0974 34.9061 43.7838 30.5930 41.2847 39.5655 32.0119 36.8863 30.4711 40.1355 31.8700 32.1283 28.4721 29.7117 29.3461 40.1126 36.7308 30.4117 39.1120 38.1184 25.8644 38.7643 22.4315 38.8545 24.3189 24.1162 33.7443 36.9212 41.8528 27.6679 27.1224 30.0023 44.0248 31.9701 33.5355 34.3777 31.1046 34.9158 24.6499 29.0685 33.6799 36.3268 26.7616 32.2939 36.2267 31.4600 33.9886 30.1111 35.9409 33.7392 33.9327 31.3924 25.7643 27.4130 29.2052 38.8241 24.5181 26.2025 28.4494 34.2685
