6
0.0000 0.1868 4.7603 11.8064 0.7052 14.0974
0.1868 0.0000 3.2909 46.5654 15.6180 30.9202
4.7603 3.2909 0.0000 19.0935 8.7700 6.8887
11.8064 46.5654 19.0935 0.0000 28.9878 19.8875
0.7052 15.6180 8.7700 28.9878 0.0000 8.0611
14.0974 30.9202 6.8887 19.8875 8.0611 0.0000
