6
0.0000 7.9496 7.8960 9.7891 8.5803 9.3186
7.9496 0.0000 7.3636 9.0882 7.6724 8.3649
7.8960 7.3636 0.0000 7.6301 8.7828 8.7244
9.7891 9.0882 7.6301 0.0000 7.1072 6.9203
8.5803 7.6724 8.7828 7.1072 0.0000 7.8356
9.3186 8.3649 8.7244 6.9203 7.8356 0.0000
