70
0.0000 11.9750 8.9005 11.9799 11.8564 7.7902 11.3406 10.7460 8.5964 8.4168 7.0110 12.3347 13.4238 8.5225 8.3864 8.5274 9.4617 8.5622 12.5625 8.2133 7.7556 11.6361 8.0212 12.4080 11.4751 9.8912 7.7833 8.1566 8.6507 10.1469 11.1632 8.7763 6.1622 12.1634 7.7807 9.3128 12.3641 10.7076 8.1594 10.7102 11.4936 12.0172 9.1776 11.1452 9.3283 11.7428 9.4642 14.5442 8.8395 8.6489 11.7952 10.0595 8.8323 12.0826 10.7817 11.5922 7.1446 7.5698 8.5000 10.3790 9.8482 11.9028 11.1797 10.9252 10.8854 12.0795 11.9577 7.5257 7.6948 10.6511
11.9750 0.0000 9.8430 13.1370 8.8351 7.7523 9.0696 12.0220 9.9294 10.9805 7.6439 10.0301 12.6726 10.7418 8.7785 9.4196 7.8717 13.2645 8.8018 6.6503 9.1060 10.4017 12.4239 10.3012 10.1695 11.2608 7.6560 11.8251 9.7420 12.6905 10.5207 11.0205 11.5468 10.8402 8.6948 10.3353 11.1241 10.5160 11.0442 11.4633 11.8903 9.3826 6.5275 9.5044 8.0433 9.3868 11.2649 10.6890 7.1713 8.1206 8.7111 10.3771 12.3320 12.5771 11.5275 10.2914 8.1188 10.9712 9.3629 10.6562 7.6671 9.7082 8.4331 4.9671 7.9525 10.8822 8.6848 6.8569 9.6092 7.4449
8.9005 9.8430 0.0000 9.1108 11.6201 10.4348 9.0445 12.4296 9.9405 4.7876 9.1256 8.9775 7.2465 11.3038 6.6288 9.4979 8.5540 9.7403 9.1467 12.1705 12.7943 9.8286 7.2630 12.3147 8.8929 6.5736 10.5341 14.7050 11.3439 9.2412 10.1813 11.7166 10.2358 9.7266 9.9843 11.9572 8.0205 7.6748 10.7679 10.9617 9.1678 9.2909 11.4015 10.1193 11.5209 8.0237 10.4823 5.9408 9.6083 12.0227 11.9423 7.8253 10.9384 6.7108 10.3111 9.2763 11.8035 10.1928 9.7973 9.6014 7.7537 10.0681 7.8053 13.2802 10.2771 10.6622 8.7102 12.7542 8.4458 9.3297
11.9799 13.1370 9.1108 0.0000 8.8689 10.9331 10.7351 11.8473 10.9365 12.7423 9.5872 10.6579 7.4838 10.8285 11.3365 10.2084 11.1696 11.0750 7.5127 10.6983 6.9361 8.2728 11.7763 11.5009 10.6162 10.2713 9.2210 9.7588 10.4631 9.7567 13.2437 11.8618 10.2015 13.5716 10.7832 11.3395 12.2828 9.9538 7.5439 10.5347 10.3315 13.4613 10.7295 8.9714 9.9428 11.7627 11.0537 11.1701 5.4328 6.9413 4.5423 8.1582 9.6914 9.3486 9.7889 11.7261 10.2132 6.0582 12.2665 12.3371 8.8669 9.6231 11.2739 8.1892 12.2625 8.5160 4.1793 9.3807 11.5382 10.3072
11.8564 8.8351 11.6201 8.8689 0.0000 10.8063 12.8496 10.0124 10.8020 11.5212 8.8414 13.3238 10.9111 8.8541 10.3354 11.6305 9.7931 10.9764 7.3727 9.0411 8.8853 8.2798 10.5540 13.9887 11.6595 12.2545 8.8503 8.4135 10.4281 6.9888 6.9678 9.8486 11.1846 10.1827 10.0772 11.3909 10.3807 5.4879 10.9463 6.4207 9.6835 11.5095 13.5344 4.2209 6.6150 12.5816 9.7710 10.2412 8.1287 9.3328 6.4680 12.0613 9.2635 8.1233 11.8902 10.0324 9.2427 10.3508 11.5485 15.8324 9.0830 11.6597 8.4390 10.1034 9.5299 9.6806 14.5739 9.5420 10.0195 10.3374
7.7902 7.7523 10.4348 10.9331 10.8063 0.0000 8.9115 11.2561 7.8508 7.6982 7.9251 9.8201 7.9728 10.1912 14.3057 9.7655 9.3278 10.4848 12.5740 13.0034 10.2286 9.4103 7.2529 11.3626 9.6766 8.4853 12.0708 13.3697 12.2366 7.1943 10.1578 12.6116 11.8898 10.6378 6.8472 9.0215 9.3306 11.5329 11.1031 6.8095 9.3409 9.7405 10.5237 5.4491 10.5361 12.0600 14.4269 10.2320 13.7251 8.3669 12.6421 10.4620 9.9198 7.8625 12.0791 7.9657 11.4011 12.0819 7.8874 10.6944 11.2839 10.2699 9.3967 9.1159 10.4969 9.8886 11.0913 8.7104 11.8018 8.8677
11.3406 9.0696 9.0445 10.7351 12.8496 8.9115 0.0000 10.1551 13.2189 9.8037 6.3872 11.5994 10.5340 10.0001 11.9159 8.3954 13.5093 5.2943 6.5179 9.8438 8.7691 10.1829 6.4097 9.2641 8.6480 12.6668 12.5711 8.6536 8.6047 9.2039 9.7345 8.3406 11.5497 10.9578 10.5491 9.9470 9.7812 7.7514 9.3170 13.8963 8.7201 9.2581 7.0582 10.0530 13.9481 7.8287 10.2153 10.7856 7.6392 9.8657 9.7234 10.4631 12.0303 7.7752 10.2075 8.8873 11.8145 10.2198 7.6378 12.6714 10.9442 11.6353 14.2533 8.9686 9.4892 13.3829 8.8711 10.8563 9.8316 10.2636
10.7460 12.0220 12.4296 11.8473 10.0124 11.2561 10.1551 0.0000 10.6771 6.6583 8.0988 10.4003 11.7567 11.8407 12.1005 13.6546 8.8258 10.3801 7.5661 10.6748 8.9339 6.5644 12.6272 11.1593 11.0776 8.3922 11.1601 14.2737 9.8897 12.1795 12.0057 13.0448 9.6135 12.0830 7.7996 8.7150 9.0087 11.7750 13.4809 7.0624 7.8679 11.2655 6.8881 11.4087 13.0553 12.4145 10.5214 11.0961 9.7234 7.7698 10.6470 8.7059 4.5840 5.8887 11.1951 13.9171 11.2190 5.8500 8.9164 8.3622 10.4959 10.4640 9.3619 9.7856 11.3718 9.4288 8.8997 8.2433 7.3407 9.7951
8.5964 9.9294 9.9405 10.9365 10.8020 7.8508 13.2189 10.6771 0.0000 8.1346 9.0937 7.7507 8.1153 10.3871 9.2619 10.8963 10.4847 7.3701 9.7925 10.3674 9.6344 12.0816 10.7692 10.0311 8.4210 10.2360 11.5088 6.4948 11.5792 8.0747 9.9459 8.8113 9.8260 12.8989 12.9737 6.6871 8.5002 9.2223 8.9995 6.1942 11.2536 12.3286 7.7426 11.2550 9.8186 11.4989 9.9893 8.2707 10.2196 10.7669 14.7283 6.4304 8.4543 6.5470 11.9150 8.2157 9.0503 9.5188 8.2038 8.9174 10.7614 10.8399 8.8957 10.4223 9.0790 8.6383 11.4175 5.5847 6.5268 11.3689
8.4168 10.9805 4.7876 12.7423 11.5212 7.6982 9.8037 6.6583 8.1346 0.0000 7.0927 9.3320 6.1493 9.3576 10.7803 9.0484 9.6183 8.1287 12.7377 9.2420 8.7664 12.9682 7.2785 10.0672 6.6201 11.7708 10.5810 13.8808 10.8228 9.2770 11.1066 11.6858 10.2723 5.8995 8.7726 9.8980 11.2163 8.8367 10.8086 12.6924 11.2576 12.5532 9.3568 9.3922 9.5891 10.1328 11.4155 9.0319 11.0961 9.5006 8.2104 14.5714 8.8274 6.5797 7.2723 14.2414 9.1443 9.8287 9.7034 11.2077 11.7195 11.2944 13.2517 13.9267 8.5954 8.4189 8.3968 7.0217 9.2724 8.5285
7.0110 7.6439 9.1256 9.5872 8.8414 7.9251 6.3872 8.0988 9.0937 7.0927 0.0000 14.4045 10.8890 7.5735 10.7710 5.1713 12.1889 8.6214 11.4589 8.3021 11.0556 12.7397 9.4212 10.2131 12.6250 6.6781 7.4496 10.0171 9.5865 10.0760 11.4920 6.3951 10.1796 7.4074 11.1159 10.6848 13.5330 9.5389 12.5238 8.7519 14.2292 11.4615 13.4378 13.2716 6.1908 9.3794 9.5447 7.0939 12.2119 7.7034 10.8463 7.6949 9.0911 13.1941 8.4873 10.7084 9.6847 9.5524 11.0375 11.4312 11.6540 7.5851 10.4122 11.5248 8.4408 9.3526 12.0118 11.0654 12.3214 8.4112
12.3347 10.0301 8.9775 10.6579 13.3238 9.8201 11.5994 10.4003 7.7507 9.3320 14.4045 0.0000 10.0872 12.1685 8.5968 8.9766 9.3771 7.4475 9.5241 12.3629 11.9547 8.2848 8.9271 10.7590 11.5415 9.3598 11.1533 9.9535 8.9264 4.9855 12.3673 8.5662 10.8872 7.2832 13.3988 11.7646 8.6695 11.4273 10.2132 11.4876 12.9472 13.1988 8.8196 9.0153 9.9609 8.4858 8.6439 8.5482 11.1692 11.6989 10.2740 9.1155 9.1942 8.1071 11.0400 8.9630 7.5460 10.9318 9.5994 12.2281 12.1820 11.6215 9.5158 6.0569 14.5927 11.7046 9.5061 9.3047 10.4727 10.1949
13.4238 12.6726 7.2465 7.4838 10.9111 7.9728 10.5340 11.7567 8.1153 6.1493 10.8890 10.0872 0.0000 9.4403 12.5539 8.5097 7.8902 9.7199 13.6292 9.7052 8.9465 7.7111 7.6440 9.8591 10.5066 12.6321 11.2602 11.7903 11.9963 8.0776 10.4243 11.3735 12.7251 10.2188 13.5134 12.5084 8.5115 12.2189 11.7488 12.4755 8.5195 8.0783 7.0402 13.7409 12.3558 8.8869 10.9519 8.8226 8.8544 8.5952 9.6812 9.2594 9.7357 6.9010 9.8345 10.5469 8.8779 8.4122 10.4683 10.9915 13.6231 10.1817 6.5678 10.3590 7.2863 8.7921 9.5652 4.3056 12.0936 10.2631
8.5225 10.7418 11.3038 10.8285 8.8541 10.1912 10.0001 11.8407 10.3871 9.3576 7.5735 12.1685 9.4403 0.0000 11.3768 10.6981 9.7517 12.5223 11.8435 10.5258 11.5525 9.6780 10.2732 10.2998 11.3039 14.1852 13.2133 14.0523 13.1630 8.2451 10.6825 7.1732 9.0949 9.4037 9.9094 12.3233 6.7719 8.1732 13.6036 9.0490 11.1273 7.7763 11.3857 8.0488 16.5968 8.3739 7.6017 13.2689 10.3649 10.5432 11.5620 15.1296 11.9851 10.8944 14.7286 10.0699 9.7416 8.7347 9.5036 10.8241 10.0413 11.5342 6.8833 13.3478 6.6084 11.5024 8.4585 9.2285 8.3634 13.7265
8.3864 8.7785 6.6288 11.3365 10.3354 14.3057 11.9159 12.1005 9.2619 10.7803 10.7710 8.5968 12.5539 11.3768 0.0000 9.7975 12.0994 9.9593 9.2731 11.5766 8.9956 10.8359 10.1714 10.1616 6.9392 9.8762 11.2070 11.1792 9.4027 8.6740 11.1279 13.6511 8.8486 15.1145 10.6422 9.0526 9.4047 10.6332 9.4722 7.4100 9.6243 6.9504 9.5610 10.0631 9.5523 10.6460 11.1213 9.8382 12.5115 8.2175 9.4324 10.6443 10.7159 9.5090 8.1103 10.8694 11.2325 10.4673 10.6996 10.5960 12.4961 8.1602 11.1098 9.0056 11.1138 7.6597 7.1896 14.0072 8.0253 7.7639
8.5274 9.4196 9.4979 10.2084 11.6305 9.7655 8.3954 13.6546 10.8963 9.0484 5.1713 8.9766 8.5097 10.6981 9.7975 0.0000 11.1173 12.0201 7.0133 10.6218 12.2359 10.7329 8.8209 8.2062 7.8836 12.4115 8.4721 10.5063 10.7936 10.5604 10.4466 9.2681 10.2362 9.6775 10.1479 8.9500 9.7399 5.9516 7.5707 9.3853 8.2679 12.4039 7.5008 9.9973 7.6122 12.9714 11.3860 11.4740 9.2798 8.7382 9.4976 12.7999 6.7883 11.0281 8.4952 8.7708 7.1200 8.8870 12.1137 10.0467 10.1557 8.7064 7.8117 7.9223 8.9366 9.4452 11.3929 12.0058 13.5160 9.1155
9.4617 7.8717 8.5540 11.1696 9.7931 9.3278 13.5093 8.8258 10.4847 9.6183 12.1889 9.3771 7.8902 9.7517 12.0994 11.1173 0.0000 11.2135 8.9104 9.1907 11.0574 9.9827 8.6657 13.2246 5.7625 10.5129 6.9341 11.6120 6.4505 9.8493 12.4015 9.8214 13.2373 15.3225 5.3591 9.6320 7.1669 6.8862 10.1806 7.9409 9.7500 10.5288 11.2813 8.5833 12.7559 8.2936 9.8653 10.9829 4.4239 8.9121 12.8443 11.0701 12.0056 8.9900 9.7866 12.2971 9.4530 11.2700 6.9111 10.5942 7.9846 11.7447 13.1461 11.0885 11.6941 9.4071 12.0226 10.3063 13.9617 8.1830
8.5622 13.2645 9.7403 11.0750 10.9764 10.4848 5.2943 10.3801 7.3701 8.1287 8.6214 7.4475 9.7199 12.5223 9.9593 12.0201 11.2135 0.0000 8.5587 15.0864 7.3406 8.0669 9.3639 10.3670 5.0601 9.5102 10.4285 8.9070 11.1645 7.0394 11.8720 5.1170 8.1236 15.5947 10.5085 8.9096 10.4509 6.5068 10.3157 14.4699 11.5575 13.7029 15.1471 12.2249 12.1856 8.3669 8.5913 10.2219 9.4247 10.5819 9.0038 9.2609 10.5051 12.4496 10.6058 6.7228 10.8022 11.3885 8.5385 8.3384 12.6301 7.7224 9.7893 10.7002 13.7852 9.9880 10.5126 10.1770 10.7422 13.1893
12.5625 8.8018 9.1467 7.5127 7.3727 12.5740 6.5179 7.5661 9.7925 12.7377 11.4589 9.5241 13.6292 11.8435 9.2731 7.0133 8.9104 8.5587 0.0000 10.0492 10.5674 14.3190 14.3767 11.1962 9.2941 12.2020 12.6066 13.6390 12.3821 12.5342 7.8385 12.1370 8.9928 8.8193 10.9560 10.3326 10.1270 6.6412 10.5153 10.4685 12.3428 5.7709 10.3984 10.2261 10.3249 12.0463 10.7084 4.2866 13.7872 9.9591 9.6291 9.1411 10.4551 10.7478 7.6048 6.5845 7.4292 9.7051 12.3149 14.8999 12.2718 11.4804 10.7485 6.7870 8.8854 13.0895 12.3739 8.3697 9.6975 13.4114
8.2133 6.6503 12.1705 10.6983 9.0411 13.0034 9.8438 10.6748 10.3674 9.2420 8.3021 12.3629 9.7052 10.5258 11.5766 10.6218 9.1907 15.0864 10.0492 0.0000 8.9592 9.7937 13.2967 7.3371 9.6604 10.6415 9.0651 7.2423 13.8374 12.8639 10.3149 9.2587 6.5253 8.9958 9.9044 11.7116 9.9076 11.1532 7.3065 8.0782 8.7718 9.4111 11.2723 9.6665 9.1478 9.7793 11.6261 8.3315 9.1311 7.9629 9.2497 10.4649 11.1609 5.3671 8.1431 9.4022 10.8743 9.1989 12.1425 8.8449 9.7631 10.2575 10.7459 11.6459 10.9663 7.9781 12.4884 11.7237 13.0840 12.8320
7.7556 9.1060 12.7943 6.9361 8.8853 10.2286 8.7691 8.9339 9.6344 8.7664 11.0556 11.9547 8.9465 11.5525 8.9956 12.2359 11.0574 7.3406 10.5674 8.9592 0.0000 11.8846 8.6290 9.2045 8.9873 12.5380 8.6654 9.8135 6.9318 8.8350 10.4527 6.7766 8.6007 7.2216 7.4821 9.0397 16.6850 10.5482 6.8260 11.4316 12.4579 8.1755 4.9903 9.4403 10.4549 10.4500 11.4590 13.3044 11.3022 9.5710 11.7179 10.1420 7.5471 9.3546 7.5368 9.8772 9.9752 8.7746 7.2508 10.8646 7.8144 6.3704 11.0319 10.8032 6.8522 8.4219 8.3851 10.7903 11.7138 7.6703
11.6361 10.4017 9.8286 8.2728 8.2798 9.4103 10.1829 6.5644 12.0816 12.9682 12.7397 8.2848 7.7111 9.6780 10.8359 10.7329 9.9827 8.0669 14.3190 9.7937 11.8846 0.0000 7.3068 10.5804 10.1497 8.1734 11.1617 13.3637 11.9197 7.7623 7.5763 10.3723 11.2214 8.5019 6.4259 8.1094 8.7934 12.5301 7.8565 13.6646 10.2813 10.4549 8.6749 11.5582 10.5776 8.7828 11.9126 7.7629 11.1728 12.1099 8.2358 14.5627 10.4959 7.9284 10.9163 12.1240 8.8169 10.4915 10.8957 10.7141 9.6670 8.7519 11.4279 5.8433 10.2457 11.1554 15.0036 5.9998 10.5307 7.4137
8.0212 12.4239 7.2630 11.7763 10.5540 7.2529 6.4097 12.6272 10.7692 7.2785 9.4212 8.9271 7.6440 10.2732 10.1714 8.8209 8.6657 9.3639 14.3767 13.2967 8.6290 7.3068 0.0000 11.3312 10.3113 6.8410 10.1700 8.7604 6.5014 6.5730 10.8934 10.2411 11.3024 11.7267 11.1617 10.9736 11.1252 11.3398 10.0139 10.9497 7.6475 8.2936 11.7621 10.0613 10.0968 11.5880 8.9864 8.2166 11.5155 8.9257 9.5986 12.5511 10.8265 9.8548 11.3585 10.6541 10.3575 9.0027 11.1586 9.1461 12.2956 9.8842 8.0826 7.3588 12.0210 11.6125 16.4897 9.5695 8.0075 11.3813
12.4080 10.3012 12.3147 11.5009 13.9887 11.3626 9.2641 11.1593 10.0311 10.0672 10.2131 10.7590 9.8591 10.2998 10.1616 8.2062 13.2246 10.3670 11.1962 7.3371 9.2045 10.5804 11.3312 0.0000 9.8004 10.5768 8.2655 7.9505 10.4655 10.8755 9.4041 12.6749 13.0717 14.1202 9.8556 9.6330 11.4170 6.5356 11.7101 10.5593 6.4112 8.5819 10.2323 11.5924 9.9409 13.4283 11.7544 11.7539 6.9000 10.0082 7.6307 6.7274 13.5111 12.3996 9.7792 8.1901 11.6470 9.6896 7.6869 11.6982 8.5634 10.6611 10.2091 9.7160 9.3995 11.5185 11.9903 8.0776 8.4360 9.9783
11.4751 10.1695 8.8929 10.6162 11.6595 9.6766 8.6480 11.0776 8.4210 6.6201 12.6250 11.5415 10.5066 11.3039 6.9392 7.8836 5.7625 5.0601 9.2941 9.6604 8.9873 10.1497 10.3113 9.8004 0.0000 9.7136 8.5763 13.1858 12.6815 11.3268 12.3441 8.2950 11.5979 5.5992 8.0043 11.4233 10.8640 11.2028 7.7151 9.7915 10.8305 10.9413 6.1132 9.9458 12.8116 9.7735 8.5786 12.5581 9.8084 12.4590 13.3107 7.8523 7.5560 11.0840 9.5928 13.6474 11.1506 9.6527 11.6538 9.4124 9.0435 8.2533 9.5598 9.5138 13.4565 7.3565 8.8113 11.0819 10.0117 12.4994
9.8912 11.2608 6.5736 10.2713 12.2545 8.4853 12.6668 8.3922 10.2360 11.7708 6.6781 9.3598 12.6321 14.1852 9.8762 12.4115 10.5129 9.5102 12.2020 10.6415 12.5380 8.1734 6.8410 10.5768 9.7136 0.0000 10.3030 9.8232 7.8106 9.3495 8.8423 11.7013 7.5353 8.4348 11.5450 12.0650 10.0435 11.3283 10.7894 7.7779 10.1919 10.1592 11.2525 11.4464 9.3129 14.5559 6.9734 5.2626 9.7338 12.6178 11.1724 8.6522 7.4276 7.6977 9.3328 12.0705 12.2380 12.0433 11.4208 8.8226 15.1221 8.5932 11.3980 9.5170 8.0227 9.6932 10.7323 11.2489 10.2229 7.6966
7.7833 7.6560 10.5341 9.2210 8.8503 12.0708 12.5711 11.1601 11.5088 10.5810 7.4496 11.1533 11.2602 13.2133 11.2070 8.4721 6.9341 10.4285 12.6066 9.0651 8.6654 11.1617 10.1700 8.2655 8.5763 10.3030 0.0000 10.6696 11.9751 10.0523 11.6828 11.8383 11.1570 8.6488 11.3773 8.4216 10.0298 13.0277 10.5886 8.4044 10.4342 8.5836 12.7425 10.4575 9.6580 6.2718 7.4073 7.0264 7.6614 9.7914 10.9924 8.4063 9.2778 10.4189 12.9155 8.0347 10.9286 11.0866 11.6962 10.5532 13.0850 11.5722 11.7130 8.0139 11.5502 8.7513 8.1195 8.9082 9.9088 8.4123
8.1566 11.8251 14.7050 9.7588 8.4135 13.3697 8.6536 14.2737 6.4948 13.8808 10.0171 9.9535 11.7903 14.0523 11.1792 10.5063 11.6120 8.9070 13.6390 7.2423 9.8135 13.3637 8.7604 7.9505 13.1858 9.8232 10.6696 0.0000 8.7904 8.7986 7.8963 8.7259 10.0532 9.1234 10.0538 8.5627 14.3974 8.7535 7.1760 12.0240 11.4028 8.6986 8.5189 7.3356 6.0592 11.1111 8.8103 10.7407 9.7606 8.8746 12.0770 6.9248 9.5677 8.4070 10.4638 10.0673 10.8619 13.5359 8.9056 8.3829 6.6214 13.7208 14.4487 10.9957 10.7811 11.8555 5.1518 7.4103 7.4473 6.7899
8.6507 9.7420 11.3439 10.4631 10.4281 12.2366 8.6047 9.8897 11.5792 10.8228 9.5865 8.9264 11.9963 13.1630 9.4027 10.7936 6.4505 11.1645 12.3821 13.8374 6.9318 11.9197 6.5014 10.4655 12.6815 7.8106 11.9751 8.7904 0.0000 11.4411 5.5849 5.7715 10.9573 14.0915 8.6853 12.1687 9.7186 9.5094 8.0523 12.2378 11.0555 10.2313 13.2679 6.3989 8.9717 9.6574 8.1580 11.4620 10.1178 10.0172 6.8125 7.8347 13.0056 9.6154 7.7825 10.4596 8.6447 12.1690 10.3057 11.0808 5.0400 9.3888 12.7513 12.4600 9.1875 9.8362 8.1164 6.7804 10.0971 8.7697
10.1469 12.6905 9.2412 9.7567 6.9888 7.1943 9.2039 12.1795 8.0747 9.2770 10.0760 4.9855 8.0776 8.2451 8.6740 10.5604 9.8493 7.0394 12.5342 12.8639 8.8350 7.7623 6.5730 10.8755 11.3268 9.3495 10.0523 8.7986 11.4411 0.0000 8.4228 9.3137 8.4745 10.9552 9.5696 13.1461 10.8639 5.4604 8.6607 10.1546 10.5210 7.6218 13.3376 8.1471 8.3692 9.3686 9.5862 13.1244 8.7562 9.3481 8.0734 5.8567 7.0845 8.4283 10.1652 8.3415 11.5680 6.4864 12.3066 10.0458 12.4435 6.4827 5.7243 8.0507 12.9236 6.7402 12.1149 11.2143 10.4270 11.5143
11.1632 10.5207 10.1813 13.2437 6.9678 10.1578 9.7345 12.0057 9.9459 11.1066 11.4920 12.3673 10.4243 10.6825 11.1279 10.4466 12.4015 11.8720 7.8385 10.3149 10.4527 7.5763 10.8934 9.4041 12.3441 8.8423 11.6828 7.8963 5.5849 8.4228 0.0000 15.6505 11.8841 11.6768 7.7507 8.9136 13.1682 13.2775 10.9499 9.1659 10.2485 7.5630 8.6775 7.5631 4.3280 11.6259 12.5775 8.9247 12.6041 10.5318 9.9756 10.7679 10.4548 6.9373 9.8843 5.4879 9.1128 10.5816 7.3953 7.7010 13.9874 10.9144 6.5828 6.1740 10.5329 9.8409 11.3103 9.8072 8.3452 10.6275
8.7763 11.0205 11.7166 11.8618 9.8486 12.6116 8.3406 13.0448 8.8113 11.6858 6.3951 8.5662 11.3735 7.1732 13.6511 9.2681 9.8214 5.1170 12.1370 9.2587 6.7766 10.3723 10.2411 12.6749 8.2950 11.7013 11.8383 8.7259 5.7715 9.3137 15.6505 0.0000 6.0125 10.9834 11.1578 8.7974 10.8215 11.1140 11.9592 8.7987 11.1617 6.6652 12.3544 6.5159 10.4643 13.0999 9.9261 10.4828 10.9678 10.2111 9.9682 11.3799 6.0082 8.7743 11.1090 8.2173 8.5464 13.2926 8.7177 13.4420 11.6475 7.3552 9.4463 8.1694 11.6695 9.5238 11.5742 13.5148 9.0304 10.3311
6.1622 11.5468 10.2358 10.2015 11.1846 11.8898 11.5497 9.6135 9.8260 10.2723 10.1796 10.8872 12.7251 9.0949 8.8486 10.2362 13.2373 8.1236 8.9928 6.5253 8.6007 11.2214 11.3024 13.0717 11.5979 7.5353 11.1570 10.0532 10.9573 8.4745 11.8841 6.0125 0.0000 11.0107 9.6264 12.0756 10.7388 13.8514 10.8957 10.1384 12.5332 8.8074 8.9186 6.9183 9.1955 11.0270 5.9036 10.9364 8.5721 11.3147 9.8183 9.2694 8.6043 8.4560 11.9086 14.6358 9.9895 9.1279 9.8896 10.6078 11.6497 10.5940 7.7319 10.2714 8.6514 9.0141 10.2956 8.3231 8.1600 8.1387
12.1634 10.8402 9.7266 13.5716 10.1827 10.6378 10.9578 12.0830 12.8989 5.8995 7.4074 7.2832 10.2188 9.4037 15.1145 9.6775 15.3225 15.5947 8.8193 8.9958 7.2216 8.5019 11.7267 14.1202 5.5992 8.4348 8.6488 9.1234 14.0915 10.9552 11.6768 10.9834 11.0107 0.0000 8.9570 7.7413 8.2261 14.4769 6.5735 10.9906 12.0378 8.6336 10.0295 9.6579 11.7318 12.4600 10.7137 9.2602 8.4565 10.6057 13.7572 10.9274 8.2021 11.2793 11.0719 9.4242 7.9743 5.9679 11.9288 10.6734 9.5551 9.5941 10.0448 10.2238 9.3016 6.7804 10.3703 9.1251 13.8609 9.8605
7.7807 8.6948 9.9843 10.7832 10.0772 6.8472 10.5491 7.7996 12.9737 8.7726 11.1159 13.3988 13.5134 9.9094 10.6422 10.1479 5.3591 10.5085 10.9560 9.9044 7.4821 6.4259 11.1617 9.8556 8.0043 11.5450 11.3773 10.0538 8.6853 9.5696 7.7507 11.1578 9.6264 8.9570 0.0000 8.2265 10.2057 7.9468 15.3728 10.1335 15.7622 10.3848 12.4855 8.3369 10.8082 7.5330 11.7235 10.1256 9.0714 9.5846 10.4795 12.7413 12.8035 5.1205 8.4805 10.2971 12.7633 10.5339 10.3893 9.4743 12.2537 10.0148 12.6645 10.6826 7.8626 7.9467 9.2831 11.1542 10.6718 9.1654
9.3128 10.3353 11.9572 11.3395 11.3909 9.0215 9.9470 8.7150 6.6871 9.8980 10.6848 11.7646 12.5084 12.3233 9.0526 8.9500 9.6320 8.9096 10.3326 11.7116 9.0397 8.1094 10.9736 9.6330 11.4233 12.0650 8.4216 8.5627 12.1687 13.1461 8.9136 8.7974 12.0756 7.7413 8.2265 0.0000 9.5473 8.4859 10.3595 10.3843 10.8673 7.8393 9.0767 11.6734 9.8131 12.6260 15.1978 9.9650 10.5708 13.1229 9.8366 9.4514 12.4003 11.5971 8.1307 10.5456 13.0582 11.5336 9.6732 15.3456 6.9062 8.2235 10.3140 9.0160 9.0438 12.3013 11.8455 6.3264 10.1378 13.7158
12.3641 11.1241 8.0205 12.2828 10.3807 9.3306 9.7812 9.0087 8.5002 11.2163 13.5330 8.6695 8.5115 6.7719 9.4047 9.7399 7.1669 10.4509 10.1270 9.9076 16.6850 8.7934 11.1252 11.4170 10.8640 10.0435 10.0298 14.3974 9.7186 10.8639 13.1682 10.8215 10.7388 8.2261 10.2057 9.5473 0.0000 11.4628 14.2833 12.4562 8.6440 10.4961 8.4606 6.9430 10.8220 9.4298 11.8536 10.5485 9.5223 12.9809 10.9343 11.5457 8.7635 11.8872 13.2112 9.7672 8.1849 8.7144 8.4941 9.3165 10.5557 7.8701 8.7858 9.3844 7.3234 11.8747 10.3901 7.6875 8.0870 10.5796
10.7076 10.5160 7.6748 9.9538 5.4879 11.5329 7.7514 11.7750 9.2223 8.8367 9.5389 11.4273 12.2189 8.1732 10.6332 5.9516 6.8862 6.5068 6.6412 11.1532 10.5482 12.5301 11.3398 6.5356 11.2028 11.3283 13.0277 8.7535 9.5094 5.4604 13.2775 11.1140 13.8514 14.4769 7.9468 8.4859 11.4628 0.0000 8.9979 14.4955 9.2005 6.3721 14.0578 8.2075 8.5392 9.4603 10.5657 7.3326 9.5034 9.2471 12.4902 11.8660 10.7691 7.1242 12.7724 10.7416 9.7432 10.0668 7.6293 10.2694 9.5355 10.3595 8.7701 7.5099 13.5951 9.8892 9.3920 10.9673 10.2704 12.7087
8.1594 11.0442 10.7679 7.5439 10.9463 11.1031 9.3170 13.4809 8.9995 10.8086 12.5238 10.2132 11.7488 13.6036 9.4722 7.5707 10.1806 10.3157 10.5153 7.3065 6.8260 7.8565 10.0139 11.7101 7.7151 10.7894 10.5886 7.1760 8.0523 8.6607 10.9499 11.9592 10.8957 6.5735 15.3728 10.3595 14.2833 8.9979 0.0000 7.1386 10.0692 7.3004 9.7642 10.2377 8.2994 10.3778 10.4306 6.4919 11.7713 10.5155 8.9507 12.7469 8.2724 7.5819 7.8671 10.5129 6.7933 13.3803 9.8198 9.9663 9.4927 7.5349 8.4279 8.3273 10.2319 10.9908 10.3449 12.5198 11.6724 10.4192
10.7102 11.4633 10.9617 10.5347 6.4207 6.8095 13.8963 7.0624 6.1942 12.6924 8.7519 11.4876 12.4755 9.0490 7.4100 9.3853 7.9409 14.4699 10.4685 8.0782 11.4316 13.6646 10.9497 10.5593 9.7915 7.7779 8.4044 12.0240 12.2378 10.1546 9.1659 8.7987 10.1384 10.9906 10.1335 10.3843 12.4562 14.4955 7.1386 0.0000 8.3167 6.4984 11.5316 10.8835 11.0416 9.9920 11.9657 11.4765 10.5399 8.8889 9.6718 6.8257 8.0237 10.2867 8.3026 10.8202 10.0358 5.5814 7.4345 9.1002 9.2539 11.2962 12.3296 13.4425 11.2667 8.1661 10.2811 10.4625 8.6444 12.0007
11.4936 11.8903 9.1678 10.3315 9.6835 9.3409 8.7201 7.8679 11.2536 11.2576 14.2292 12.9472 8.5195 11.1273 9.6243 8.2679 9.7500 11.5575 12.3428 8.7718 12.4579 10.2813 7.6475 6.4112 10.8305 10.1919 10.4342 11.4028 11.0555 10.5210 10.2485 11.1617 12.5332 12.0378 15.7622 10.8673 8.6440 9.2005 10.0692 8.3167 0.0000 6.9746 9.4203 8.2393 9.3515 10.2359 11.0428 9.7771 11.0425 8.8651 12.2144 9.3636 9.7262 14.5139 9.5095 12.0967 11.5076 10.4696 14.0116 8.4023 10.8103 11.2017 12.6915 6.7990 9.7707 10.8286 11.5249 9.4205 7.3738 7.6743
12.0172 9.3826 9.2909 13.4613 11.5095 9.7405 9.2581 11.2655 12.3286 12.5532 11.4615 13.1988 8.0783 7.7763 6.9504 12.4039 10.5288 13.7029 5.7709 9.4111 8.1755 10.4549 8.2936 8.5819 10.9413 10.1592 8.5836 8.6986 10.2313 7.6218 7.5630 6.6652 8.8074 8.6336 10.3848 7.8393 10.4961 6.3721 7.3004 6.4984 6.9746 0.0000 7.5276 7.7139 9.3428 7.7643 11.4082 7.6287 9.0438 10.0082 10.7446 9.6206 6.2638 10.7159 12.3212 10.0284 6.4516 8.3878 8.4229 8.6270 8.5614 9.9320 10.5775 5.7175 8.5947 10.4287 10.1404 9.1991 10.8673 10.8096
9.1776 6.5275 11.4015 10.7295 13.5344 10.5237 7.0582 6.8881 7.7426 9.3568 13.4378 8.8196 7.0402 11.3857 9.5610 7.5008 11.2813 15.1471 10.3984 11.2723 4.9903 8.6749 11.7621 10.2323 6.1132 11.2525 12.7425 8.5189 13.2679 13.3376 8.6775 12.3544 8.9186 10.0295 12.4855 9.0767 8.4606 14.0578 9.7642 11.5316 9.4203 7.5276 0.0000 13.6965 6.8136 11.2219 10.5921 12.9487 13.1637 12.0188 11.5008 12.7295 8.3007 10.6864 10.4399 9.9151 11.9162 7.0508 9.0523 7.8685 8.0255 12.3027 9.8307 10.1664 9.9184 11.0466 10.8657 9.2335 10.9819 8.2043
11.1452 9.5044 10.1193 8.9714 4.2209 5.4491 10.0530 11.4087 11.2550 9.3922 13.2716 9.0153 13.7409 8.0488 10.0631 9.9973 8.5833 12.2249 10.2261 9.6665 9.4403 11.5582 10.0613 11.5924 9.9458 11.4464 10.4575 7.3356 6.3989 8.1471 7.5631 6.5159 6.9183 9.6579 8.3369 11.6734 6.9430 8.2075 10.2377 10.8835 8.2393 7.7139 13.6965 0.0000 7.1535 9.5816 8.7770 10.0915 11.6575 9.2685 9.2868 9.4205 11.6093 12.9917 6.6344 13.9418 12.1506 12.9351 8.7576 9.3265 7.6108 9.2280 8.8670 13.2202 9.2780 10.0888 9.7629 13.5700 9.4655 8.1883
9.3283 8.0433 11.5209 9.9428 6.6150 10.5361 13.9481 13.0553 9.8186 9.5891 6.1908 9.9609 12.3558 16.5968 9.5523 7.6122 12.7559 12.1856 10.3249 9.1478 10.4549 10.5776 10.0968 9.9409 12.8116 9.3129 9.6580 6.0592 8.9717 8.3692 4.3280 10.4643 9.1955 11.7318 10.8082 9.8131 10.8220 8.5392 8.2994 11.0416 9.3515 9.3428 6.8136 7.1535 0.0000 10.5957 11.4841 11.4493 8.7023 10.9166 11.4922 11.5019 6.9524 11.6021 7.9982 10.8552 9.1031 10.8996 10.3459 11.1546 10.5864 9.0912 13.0812 5.9093 9.3875 11.3880 13.0039 7.2451 9.2142 11.7634
11.7428 9.3868 8.0237 11.7627 12.5816 12.0600 7.8287 12.4145 11.4989 10.1328 9.3794 8.4858 8.8869 8.3739 10.6460 12.9714 8.2936 8.3669 12.0463 9.7793 10.4500 8.7828 11.5880 13.4283 9.7735 14.5559 6.2718 11.1111 9.6574 9.3686 11.6259 13.0999 11.0270 12.4600 7.5330 12.6260 9.4298 9.4603 10.3778 9.9920 10.2359 7.7643 11.2219 9.5816 10.5957 0.0000 9.5492 14.3711 8.1545 8.8982 9.6500 13.1091 10.0890 13.4105 9.0416 7.0797 11.3191 9.4625 7.1809 10.3811 9.3903 10.5433 7.8172 9.6113 9.5864 10.6637 12.4539 8.1643 8.8240 13.7833
9.4642 11.2649 10.4823 11.0537 9.7710 14.4269 10.2153 10.5214 9.9893 11.4155 9.5447 8.6439 10.9519 7.6017 11.1213 11.3860 9.8653 8.5913 10.7084 11.6261 11.4590 11.9126 8.9864 11.7544 8.5786 6.9734 7.4073 8.8103 8.1580 9.5862 12.5775 9.9261 5.9036 10.7137 11.7235 15.1978 11.8536 10.5657 10.4306 11.9657 11.0428 11.4082 10.5921 8.7770 11.4841 9.5492 0.0000 6.9163 11.9931 13.4343 8.2876 10.2472 7.7988 9.7327 10.9255 13.7211 10.9109 10.0284 7.5237 10.6769 6.1720 8.4449 11.4803 6.6209 8.4141 8.5583 11.9105 10.8066 10.6409 8.6552
14.5442 10.6890 5.9408 11.1701 10.2412 10.2320 10.7856 11.0961 8.2707 9.0319 7.0939 8.5482 8.8226 13.2689 9.8382 11.4740 10.9829 10.2219 4.2866 8.3315 13.3044 7.7629 8.2166 11.7539 12.5581 5.2626 7.0264 10.7407 11.4620 13.1244 8.9247 10.4828 10.9364 9.2602 10.1256 9.9650 10.5485 7.3326 6.4919 11.4765 9.7771 7.6287 12.9487 10.0915 11.4493 14.3711 6.9163 0.0000 9.7541 8.7891 10.7480 10.9060 8.1499 8.9797 11.6340 8.0082 6.2553 10.0778 10.7173 9.9877 9.2817 14.5965 9.4419 10.3321 10.3694 10.8453 7.3749 9.3866 9.7470 8.0858
8.8395 7.1713 9.6083 5.4328 8.1287 13.7251 7.6392 9.7234 10.2196 11.0961 12.2119 11.1692 8.8544 10.3649 12.5115 9.2798 4.4239 9.4247 13.7872 9.1311 11.3022 11.1728 11.5155 6.9000 9.8084 9.7338 7.6614 9.7606 10.1178 8.7562 12.6041 10.9678 8.5721 8.4565 9.0714 10.5708 9.5223 9.5034 11.7713 10.5399 11.0425 9.0438 13.1637 11.6575 8.7023 8.1545 11.9931 9.7541 0.0000 13.4031 7.0395 13.3171 8.2049 13.4605 9.3353 6.3788 6.0418 7.9610 7.8218 10.1050 11.1403 9.6857 12.0126 11.7752 13.5658 10.9926 11.1334 11.2467 10.7420 12.5362
8.6489 8.1206 12.0227 6.9413 9.3328 8.3669 9.8657 7.7698 10.7669 9.5006 7.7034 11.6989 8.5952 10.5432 8.2175 8.7382 8.9121 10.5819 9.9591 7.9629 9.5710 12.1099 8.9257 10.0082 12.4590 12.6178 9.7914 8.8746 10.0172 9.3481 10.5318 10.2111 11.3147 10.6057 9.5846 13.1229 12.9809 9.2471 10.5155 8.8889 8.8651 10.0082 12.0188 9.2685 10.9166 8.8982 13.4343 8.7891 13.4031 0.0000 10.2576 6.8280 8.3280 11.6151 12.0986 9.3607 9.3500 10.6464 8.3727 11.8451 8.8684 11.7311 14.6457 13.0628 11.3249 9.2398 8.7623 13.0196 10.5329 7.3466
11.7952 8.7111 11.9423 4.5423 6.4680 12.6421 9.7234 10.6470 14.7283 8.2104 10.8463 10.2740 9.6812 11.5620 9.4324 9.4976 12.8443 9.0038 9.6291 9.2497 11.7179 8.2358 9.5986 7.6307 13.3107 11.1724 10.9924 12.0770 6.8125 8.0734 9.9756 9.9682 9.8183 13.7572 10.4795 9.8366 10.9343 12.4902 8.9507 9.6718 12.2144 10.7446 11.5008 9.2868 11.4922 9.6500 8.2876 10.7480 7.0395 10.2576 0.0000 11.8062 9.1188 11.6114 10.9657 9.4130 12.3599 10.4123 10.3181 11.2299 12.7314 9.4414 6.5788 10.6846 10.8943 11.7161 7.5657 9.4592 10.8389 9.1460
10.0595 10.3771 7.8253 8.1582 12.0613 10.4620 10.4631 8.7059 6.4304 14.5714 7.6949 9.1155 9.2594 15.1296 10.6443 12.7999 11.0701 9.2609 9.1411 10.4649 10.1420 14.5627 12.5511 6.7274 7.8523 8.6522 8.4063 6.9248 7.8347 5.8567 10.7679 11.3799 9.2694 10.9274 12.7413 9.4514 11.5457 11.8660 12.7469 6.8257 9.3636 9.6206 12.7295 9.4205 11.5019 13.1091 10.2472 10.9060 13.3171 6.8280 11.8062 0.0000 11.6966 6.0221 9.2699 11.9911 7.3126 11.1630 12.9516 9.3446 8.8689 8.1972 6.9721 9.8240 15.9049 9.0149 13.1975 15.4420 8.3826 9.2589
8.8323 12.3320 10.9384 9.6914 9.2635 9.9198 12.0303 4.5840 8.4543 8.8274 9.0911 9.1942 9.7357 11.9851 10.7159 6.7883 12.0056 10.5051 10.4551 11.1609 7.5471 10.4959 10.8265 13.5111 7.5560 7.4276 9.2778 9.5677 13.0056 7.0845 10.4548 6.0082 8.6043 8.2021 12.8035 12.4003 8.7635 10.7691 8.2724 8.0237 9.7262 6.2638 8.3007 11.6093 6.9524 10.0890 7.7988 8.1499 8.2049 8.3280 9.1188 11.6966 0.0000 8.7739 7.4578 11.6328 10.5113 7.9623 11.8595 7.1260 9.4826 14.9887 9.2869 9.1311 13.9414 9.5768 10.7951 8.1184 7.8075 9.6697
12.0826 12.5771 6.7108 9.3486 8.1233 7.8625 7.7752 5.8887 6.5470 6.5797 13.1941 8.1071 6.9010 10.8944 9.5090 11.0281 8.9900 12.4496 10.7478 5.3671 9.3546 7.9284 9.8548 12.3996 11.0840 7.6977 10.4189 8.4070 9.6154 8.4283 6.9373 8.7743 8.4560 11.2793 5.1205 11.5971 11.8872 7.1242 7.5819 10.2867 14.5139 10.7159 10.6864 12.9917 11.6021 13.4105 9.7327 8.9797 13.4605 11.6151 11.6114 6.0221 8.7739 0.0000 11.0872 13.1368 12.1195 12.6122 13.2446 10.4430 13.2009 11.5866 11.3999 8.6406 7.9536 7.7761 9.4822 10.3211 11.0733 7.5325
10.7817 11.5275 10.3111 9.7889 11.8902 12.0791 10.2075 11.1951 11.9150 7.2723 8.4873 11.0400 9.8345 14.7286 8.1103 8.4952 9.7866 10.6058 7.6048 8.1431 7.5368 10.9163 11.3585 9.7792 9.5928 9.3328 12.9155 10.4638 7.7825 10.1652 9.8843 11.1090 11.9086 11.0719 8.4805 8.1307 13.2112 12.7724 7.8671 8.3026 9.5095 12.3212 10.4399 6.6344 7.9982 9.0416 10.9255 11.6340 9.3353 12.0986 10.9657 9.2699 7.4578 11.0872 0.0000 8.6747 8.4829 10.0862 10.0228 9.8359 9.1860 11.7822 9.5976 13.7347 9.2012 12.6742 7.5990 12.7845 10.5805 10.5282
11.5922 10.2914 9.2763 11.7261 10.0324 7.9657 8.8873 13.9171 8.2157 14.2414 10.7084 8.9630 10.5469 10.0699 10.8694 8.7708 12.2971 6.7228 6.5845 9.4022 9.8772 12.1240 10.6541 8.1901 13.6474 12.0705 8.0347 10.0673 10.4596 8.3415 5.4879 8.2173 14.6358 9.4242 10.2971 10.5456 9.7672 10.7416 10.5129 10.8202 12.0967 10.0284 9.9151 13.9418 10.8552 7.0797 13.7211 8.0082 6.3788 9.3607 9.4130 11.9911 11.6328 13.1368 8.6747 0.0000 9.1300 15.0221 7.0366 8.1027 8.3580 16.6908 11.0771 11.7304 9.1727 7.6015 10.7724 10.9674 8.7443 11.1003
7.1446 8.1188 11.8035 10.2132 9.2427 11.4011 11.8145 11.2190 9.0503 9.1443 9.6847 7.5460 8.8779 9.7416 11.2325 7.1200 9.4530 10.8022 7.4292 10.8743 9.9752 8.8169 10.3575 11.6470 11.1506 12.2380 10.9286 10.8619 8.6447 11.5680 9.1128 8.5464 9.9895 7.9743 12.7633 13.0582 8.1849 9.7432 6.7933 10.0358 11.5076 6.4516 11.9162 12.1506 9.1031 11.3191 10.9109 6.2553 6.0418 9.3500 12.3599 7.3126 10.5113 12.1195 8.4829 9.1300 0.0000 13.4368 7.0950 5.2332 10.6476 12.4590 13.3791 7.4842 9.3713 11.4616 15.9336 9.8647 5.9727 7.3879
7.5698 10.9712 10.1928 6.0582 10.3508 12.0819 10.2198 5.8500 9.5188 9.8287 9.5524 10.9318 8.4122 8.7347 10.4673 8.8870 11.2700 11.3885 9.7051 9.1989 8.7746 10.4915 9.0027 9.6896 9.6527 12.0433 11.0866 13.5359 12.1690 6.4864 10.5816 13.2926 9.1279 5.9679 10.5339 11.5336 8.7144 10.0668 13.3803 5.5814 10.4696 8.3878 7.0508 12.9351 10.8996 9.4625 10.0284 10.0778 7.9610 10.6464 10.4123 11.1630 7.9623 12.6122 10.0862 15.0221 13.4368 0.0000 7.1370 2.2026 5.4828 8.4670 9.5369 10.1134 8.6038 9.3592 9.2323 7.0572 10.6807 11.6298
8.5000 9.3629 9.7973 12.2665 11.5485 7.8874 7.6378 8.9164 8.2038 9.7034 11.0375 9.5994 10.4683 9.5036 10.6996 12.1137 6.9111 8.5385 12.3149 12.1425 7.2508 10.8957 11.1586 7.6869 11.6538 11.4208 11.6962 8.9056 10.3057 12.3066 7.3953 8.7177 9.8896 11.9288 10.3893 9.6732 8.4941 7.6293 9.8198 7.4345 14.0116 8.4229 9.0523 8.7576 10.3459 7.1809 7.5237 10.7173 7.8218 8.3727 10.3181 12.9516 11.8595 13.2446 10.0228 7.0366 7.0950 7.1370 0.0000 11.8736 7.0033 11.0553 4.7542 8.4112 7.3461 12.1789 8.8755 10.2428 8.8581 8.6925
10.3790 10.6562 9.6014 12.3371 15.8324 10.6944 12.6714 8.3622 8.9174 11.2077 11.4312 12.2281 10.9915 10.8241 10.5960 10.0467 10.5942 8.3384 14.8999 8.8449 10.8646 10.7141 9.1461 11.6982 9.4124 8.8226 10.5532 8.3829 11.0808 10.0458 7.7010 13.4420 10.6078 10.6734 9.4743 15.3456 9.3165 10.2694 9.9663 9.1002 8.4023 8.6270 7.8685 9.3265 11.1546 10.3811 10.6769 9.9877 10.1050 11.8451 11.2299 9.3446 7.1260 10.4430 9.8359 8.1027 5.2332 2.2026 11.8736 0.0000 7.3132 11.6243 9.6952 10.8232 8.8900 8.7083 12.7917 10.4005 10.3618 10.7364
9.8482 7.6671 7.7537 8.8669 9.0830 11.2839 10.9442 10.4959 10.7614 11.7195 11.6540 12.1820 13.6231 10.0413 12.4961 10.1557 7.9846 12.6301 12.2718 9.7631 7.8144 9.6670 12.2956 8.5634 9.0435 15.1221 13.0850 6.6214 5.0400 12.4435 13.9874 11.6475 11.6497 9.5551 12.2537 6.9062 10.5557 9.5355 9.4927 9.2539 10.8103 8.5614 8.0255 7.6108 10.5864 9.3903 6.1720 9.2817 11.1403 8.8684 12.7314 8.8689 9.4826 13.2009 9.1860 8.3580 10.6476 5.4828 7.0033 7.3132 0.0000 10.5485 10.5261 6.6704 12.2500 12.1726 10.6137 12.3496 6.2274 11.1320
11.9028 9.7082 10.0681 9.6231 11.6597 10.2699 11.6353 10.4640 10.8399 11.2944 7.5851 11.6215 10.1817 11.5342 8.1602 8.7064 11.7447 7.7224 11.4804 10.2575 6.3704 8.7519 9.8842 10.6611 8.2533 8.5932 11.5722 13.7208 9.3888 6.4827 10.9144 7.3552 10.5940 9.5941 10.0148 8.2235 7.8701 10.3595 7.5349 11.2962 11.2017 9.9320 12.3027 9.2280 9.0912 10.5433 8.4449 14.5965 9.6857 11.7311 9.4414 8.1972 14.9887 11.5866 11.7822 16.6908 12.4590 8.4670 11.0553 11.6243 10.5485 0.0000 10.4159 9.9761 10.9186 8.3484 10.9244 11.2205 9.2519 10.8808
11.1797 8.4331 7.8053 11.2739 8.4390 9.3967 14.2533 9.3619 8.8957 13.2517 10.4122 9.5158 6.5678 6.8833 11.1098 7.8117 13.1461 9.7893 10.7485 10.7459 11.0319 11.4279 8.0826 10.2091 9.5598 11.3980 11.7130 14.4487 12.7513 5.7243 6.5828 9.4463 7.7319 10.0448 12.6645 10.3140 8.7858 8.7701 8.4279 12.3296 12.6915 10.5775 9.8307 8.8670 13.0812 7.8172 11.4803 9.4419 12.0126 14.6457 6.5788 6.9721 9.2869 11.3999 9.5976 11.0771 13.3791 9.5369 4.7542 9.6952 10.5261 10.4159 0.0000 12.5105 8.4695 10.1773 10.6299 7.0560 9.9016 9.0987
10.9252 4.9671 13.2802 8.1892 10.1034 9.1159 8.9686 9.7856 10.4223 13.9267 11.5248 6.0569 10.3590 13.3478 9.0056 7.9223 11.0885 10.7002 6.7870 11.6459 10.8032 5.8433 7.3588 9.7160 9.5138 9.5170 8.0139 10.9957 12.4600 8.0507 6.1740 8.1694 10.2714 10.2238 10.6826 9.0160 9.3844 7.5099 8.3273 13.4425 6.7990 5.7175 10.1664 13.2202 5.9093 9.6113 6.6209 10.3321 11.7752 13.0628 10.6846 9.8240 9.1311 8.6406 13.7347 11.7304 7.4842 10.1134 8.4112 10.8232 6.6704 9.9761 12.5105 0.0000 11.8675 11.1536 9.2964 9.0505 8.6524 11.3346
10.8854 7.9525 10.2771 12.2625 9.5299 10.4969 9.4892 11.3718 9.0790 8.5954 8.4408 14.5927 7.2863 6.6084 11.1138 8.9366 11.6941 13.7852 8.8854 10.9663 6.8522 10.2457 12.0210 9.3995 13.4565 8.0227 11.5502 10.7811 9.1875 12.9236 10.5329 11.6695 8.6514 9.3016 7.8626 9.0438 7.3234 13.5951 10.2319 11.2667 9.7707 8.5947 9.9184 9.2780 9.3875 9.5864 8.4141 10.3694 13.5658 11.3249 10.8943 15.9049 13.9414 7.9536 9.2012 9.1727 9.3713 8.6038 7.3461 8.8900 12.2500 10.9186 8.4695 11.8675 0.0000 7.3248 7.0507 7.9928 9.5758 9.1686
12.0795 10.8822 10.6622 8.5160 9.6806 9.8886 13.3829 9.4288 8.6383 8.4189 9.3526 11.7046 8.7921 11.5024 7.6597 9.4452 9.4071 9.9880 13.0895 7.9781 8.4219 11.1554 11.6125 11.5185 7.3565 9.6932 8.7513 11.8555 9.8362 6.7402 9.8409 9.5238 9.0141 6.7804 7.9467 12.3013 11.8747 9.8892 10.9908 8.1661 10.8286 10.4287 11.0466 10.0888 11.3880 10.6637 8.5583 10.8453 10.9926 9.2398 11.7161 9.0149 9.5768 7.7761 12.6742 7.6015 11.4616 9.3592 12.1789 8.7083 12.1726 8.3484 10.1773 11.1536 7.3248 0.0000 12.4530 7.6905 9.0429 11.0715
11.9577 8.6848 8.7102 4.1793 14.5739 11.0913 8.8711 8.8997 11.4175 8.3968 12.0118 9.5061 9.5652 8.4585 7.1896 11.3929 12.0226 10.5126 12.3739 12.4884 8.3851 15.0036 16.4897 11.9903 8.8113 10.7323 8.1195 5.1518 8.1164 12.1149 11.3103 11.5742 10.2956 10.3703 9.2831 11.8455 10.3901 9.3920 10.3449 10.2811 11.5249 10.1404 10.8657 9.7629 13.0039 12.4539 11.9105 7.3749 11.1334 8.7623 7.5657 13.1975 10.7951 9.4822 7.5990 10.7724 15.9336 9.2323 8.8755 12.7917 10.6137 10.9244 10.6299 9.2964 7.0507 12.4530 0.0000 11.0958 8.8303 10.4965
7.5257 6.8569 12.7542 9.3807 9.5420 8.7104 10.8563 8.2433 5.5847 7.0217 11.0654 9.3047 4.3056 9.2285 14.0072 12.0058 10.3063 10.1770 8.3697 11.7237 10.7903 5.9998 9.5695 8.0776 11.0819 11.2489 8.9082 7.4103 6.7804 11.2143 9.8072 13.5148 8.3231 9.1251 11.1542 6.3264 7.6875 10.9673 12.5198 10.4625 9.4205 9.1991 9.2335 13.5700 7.2451 8.1643 10.8066 9.3866 11.2467 13.0196 9.4592 15.4420 8.1184 10.3211 12.7845 10.9674 9.8647 7.0572 10.2428 10.4005 12.3496 11.2205 7.0560 9.0505 7.9928 7.6905 11.0958 0.0000 10.5160 10.4007
7.6948 9.6092 8.4458 11.5382 10.0195 11.8018 9.8316 7.3407 6.5268 9.2724 12.3214 10.4727 12.0936 8.3634 8.0253 13.5160 13.9617 10.7422 9.6975 13.0840 11.7138 10.5307 8.0075 8.4360 10.0117 10.2229 9.9088 7.4473 10.0971 10.4270 8.3452 9.0304 8.1600 13.8609 10.6718 10.1378 8.0870 10.2704 11.6724 8.6444 7.3738 10.8673 10.9819 9.4655 9.2142 8.8240 10.6409 9.7470 10.7420 10.5329 10.8389 8.3826 7.8075 11.0733 10.5805 8.7443 5.9727 10.6807 8.8581 10.3618 6.2274 9.2519 9.9016 8.6524 9.5758 9.0429 8.8303 10.5160 0.0000 12.9899
10.6511 7.4449 9.3297 10.3072 10.3374 8.8677 10.2636 9.7951 11.3689 8.5285 8.4112 10.1949 10.2631 13.7265 7.7639 9.1155 8.1830 13.1893 13.4114 12.8320 7.6703 7.4137 11.3813 9.9783 12.4994 7.6966 8.4123 6.7899 8.7697 11.5143 10.6275 10.3311 8.1387 9.8605 9.1654 13.7158 10.5796 12.7087 10.4192 12.0007 7.6743 10.8096 8.2043 8.1883 11.7634 13.7833 8.6552 8.0858 12.5362 7.3466 9.1460 9.2589 9.6697 7.5325 10.5282 11.1003 7.3879 11.6298 8.6925 10.7364 11.1320 10.8808 9.0987 11.3346 9.1686 11.0715 10.4965 10.4007 12.9899 0.0000
