7
0.0000 21.0067 12.9993 3.2753 28.2545 8.7184 6.9918
21.0067 0.0000 2.2125 21.9134 13.3391 6.7452 21.2992
12.9993 2.2125 0.0000 8.3062 28.9182 6.1621 1.2901
3.2753 21.9134 8.3062 0.0000 16.4530 38.6819 41.9958
28.2545 13.3391 28.9182 16.4530 0.0000 6.3626 14.8344
8.7184 6.7452 6.1621 38.6819 6.3626 0.0000 2.5693
6.9918 21.2992 1.2901 41.9958 14.8344 2.5693 0.0000
